Eigvals	3
130.792648915	68.1241498299	56.9621750834

Proportion explained	3
0.276904538381	0.17176159768	0.132160194631

Species	0	0

Site	11	3
sample11	0.265722310758	0.156370557332	-0.0105390766429
sample10	-0.114957628674	0.301246997527	0.0708364197173
sample13	0.153498744573	-0.140858118984	0.044084254683
sample12	0.0111297696271	0.0523222840468	0.169362656737
sample5	-0.033981796655	-0.304046719429	0.0137683761791
sample4	-0.198975893272	0.0544888280098	-0.278786757698
sample6	-0.209857441829	-0.258224127532	0.0444263184385
sample1	-0.0362464300058	0.0567786223819	0.282699635328
sample3	0.21767732578	-0.113736980635	-0.117089289158
sample2	0.279508382711	0.0856569246318	-0.131504320185
sample9	-0.333517343013	0.110001732651	-0.0872582173999

Biplot	0	0

Site constraints	0	0
