Eigvals	3
130.792648915	68.1241498299	56.9621750834

Proportion explained	3
0.276904538381	0.17176159768	0.132160194631

Species	0	0

Site	11	3
sample11	0.115807313377	0.125593957046	0.0449544581836
sample10	-0.0896395392694	0.2136566094	0.000545906149731
sample13	0.282054109825	-0.130484972206	0.0727703316153
sample12	-0.123192908755	0.0663850520168	0.106958334439
sample5	-0.112231049033	0.00805802143893	-0.0493698034352
sample4	0.0196303441258	-0.126257443716	-0.223155235776
sample6	-0.133235514638	-0.0920295267084	0.0806106608981
sample1	-0.0118496871981	-0.128378861633	0.0691487514044
sample3	0.068252322703	-0.120238203238	-0.13012435744
sample2	0.0664555825539	0.0845990439051	-0.0900586867526
sample9	-0.0820509736906	0.0990963236946	0.117719640714

Biplot	0	0

Site constraints	0	0
