Eigvals	3
220.831554238	120.33382151	65.0367618912

Proportion explained	3
0.445157990654	0.259267683342	0.132767373377

Species	0	0

Site	11	3
MCT.f.0538	0.0283122095425	-0.234340344938	0.150881379129
MCT.f.0539	0.0825676854002	-0.27631165872	-0.0064990499007
MCT.f.0532	-0.0967686226925	0.174695924586	0.076984752406
MCT.f.0533	-0.337080524745	0.157260046468	0.126178575891
MCT.f.0534	-0.262242177406	0.00809529932013	-0.087388835485
MCT.f.0535	0.0314235478169	0.130905172618	-0.0146688773688
MCT.f.0536	0.0118655929061	-0.0670226524025	-0.199354609045
MCT.f.0541	0.125156740965	0.0693501712594	0.058704965587
MCT.f.0540	0.0596051570219	-0.100296687195	-0.0126997340321
MCT.f.0543	0.15161702697	0.0690061559189	-0.0996104464718
MCT.f.0544	0.205543364221	0.0686585730866	0.00747187929068

Biplot	0	0

Site constraints	0	0
