Eigvals	3
220.831554238	120.33382151	65.0367618912

Proportion explained	3
0.445157990654	0.259267683342	0.132767373377

Species	0	0

Site	11	3
MCT.f.0538	-0.0234957796761	-0.217246201261	-0.0576347420864
MCT.f.0539	0.0468913159651	-0.266464250056	0.0849070989094
MCT.f.0532	-0.24564809877	0.202254734351	0.215568889369
MCT.f.0533	-0.28884099784	0.177667820169	0.0543897740307
MCT.f.0534	-0.202455485608	0.0376435336961	-0.0834025227634
MCT.f.0535	-0.170949451555	-0.0400093474039	-0.143442199835
MCT.f.0536	-0.138117133642	-0.0838704617968	-0.16755051913
MCT.f.0541	0.283077567459	0.00467238549683	0.0840005261467
MCT.f.0540	0.119522512989	-0.204580197152	0.153477055979
MCT.f.0543	0.312971129072	0.167411548406	-0.0438605793379
MCT.f.0544	0.307044421606	0.22252043555	-0.0964527812827

Biplot	0	0

Site constraints	0	0
