Eigvals	3
161.358664796	91.3816778959	62.6437782679

Proportion explained	3
0.289734533465	0.173680780772	0.138119271897

Species	0	0

Site	11	3
MCT.f.0219	0.319078172537	0.0526770717073	-0.134635216823
MCT.f.0218	0.161836599011	-0.103248382206	0.0314878839409
MCT.f.0209	-0.114356081634	-0.227244328198	0.0874765510295
MCT.f.0211	-0.0360316468034	-0.220951365634	-0.08043878454
MCT.f.0215	-0.118611474002	0.263903594744	0.165290462252
MCT.f.0213	-0.303777057743	0.0270806935717	-0.208940165021
MCT.f.0206	-0.0490153350442	-0.179348475039	0.00896307542258
MCT.f.0214	-0.29794776895	0.188297377795	-0.10075238181
MCT.f.0216	0.0488214742724	0.065697263169	0.358831234021
MCT.f.0221	0.0832700335601	-0.0391513252044	0.0311191006958
MCT.f.0220	0.306733084796	0.172287875295	-0.158401759168

Biplot	0	0

Site constraints	0	0
