Eigvals	3
161.358664796	91.3816778959	62.6437782679

Proportion explained	3
0.289734533465	0.173680780772	0.138119271897

Species	0	0

Site	11	3
MCT.f.0219	0.227802104041	0.0483302889689	-0.0720581260791
MCT.f.0218	0.197788925041	0.0589485683075	0.0151421694712
MCT.f.0209	-0.0853198568199	-0.13363874686	0.111247177933
MCT.f.0211	-0.19156311583	-0.263382317412	-0.120800491757
MCT.f.0215	-0.100639184868	0.0340661136411	0.113425328735
MCT.f.0213	-0.0133718070858	0.00558297312885	0.0647150827276
MCT.f.0206	-0.0957371801621	-0.10414729586	0.0717363862619
MCT.f.0214	-0.215302234474	0.203388282888	-0.196713611734
MCT.f.0216	0.0512887419604	0.063924621295	0.12198129501
MCT.f.0221	0.116695006886	-0.00977280919477	-0.132800531144
MCT.f.0220	0.108358601311	0.096700321098	0.0241253205759

Biplot	0	0

Site constraints	0	0
