Eigvals	3
131.171030514	63.8285616195	41.7472450077

Proportion explained	3
0.40912398559	0.195034147567	0.112441122936

Species	0	0

Site	13	3
MCT.f.0149	0.0167513508387	-0.10859194379	-0.0198684066651
MCT.f.0148	0.0314730313352	-0.103940673604	-0.0194345539168
MCT.f.0145	-0.076670126517	-0.094274748776	-0.075080962172
MCT.f.0144	-0.104745509099	0.0257628290879	-0.0696594632114
MCT.f.0147	0.0231510490979	-0.0944879079558	0.107758087381
MCT.f.0146	-0.0333828480222	-0.138492867306	-0.0826194126641
MCT.f.0141	-0.124785307471	0.0313897093528	-0.0692351822341
MCT.f.0152	0.0481874058322	-0.0212038190436	-0.103024001391
MCT.f.0143	-0.0826872493349	0.135921419265	0.269226086065
MCT.f.0142	-0.0698646122613	0.0686176501545	-0.0333184180642
MCT.f.0150	0.159141040633	0.169054103713	0.0907621867925
MCT.f.0153	0.0677045126918	0.108108073062	0.0489052535782
MCT.f.0151	0.145727262277	0.02213817584	-0.0444112134983

Biplot	0	0

Site constraints	0	0
