Eigvals	3
131.171030514	63.8285616195	41.7472450077

Proportion explained	3
0.40912398559	0.195034147567	0.112441122936

Species	0	0

Site	13	3
MCT.f.0149	0.181907170887	-0.152681162414	0.057023774282
MCT.f.0148	0.097900778209	-0.186170699998	0.103379598214
MCT.f.0145	-0.222630733264	-0.105016950024	-0.13727688029
MCT.f.0144	-0.258346649399	0.00244376042069	-0.125322053917
MCT.f.0147	0.0395692480309	-0.209204754795	0.0661099636894
MCT.f.0146	-0.0895049216891	-0.182744694267	-0.0706104224987
MCT.f.0141	-0.1519588819	0.156694885847	0.244446566355
MCT.f.0152	0.241551258699	0.173541971004	-0.0641334327662
MCT.f.0143	-0.28394095055	0.0890467340956	-0.0470772227037
MCT.f.0142	-0.27481570513	0.134177364088	0.0967914693891
MCT.f.0150	0.277229411096	-0.0194853865023	0.0170549046476
MCT.f.0153	0.194457438362	0.181072148015	-0.0678242040009
MCT.f.0151	0.248582536647	0.11832678453	-0.0725620604002

Biplot	0	0

Site constraints	0	0
