Eigvals	3
147.481780761	107.666418701	68.8153000333

Proportion explained	3
0.389408177593	0.249746890836	0.138328896846

Species	0	0

Site	12	3
MCT.f.0233	0.230984641465	-0.0990945623976	0.0940535332261
MCT.f.0232	0.0960103153779	-0.225176044912	-0.0214383086193
MCT.f.0231	0.000833593066771	-0.247726564409	-0.0708850033203
MCT.f.0230	-0.163359027565	-0.176658738035	-0.0587864181503
MCT.f.0228	-0.277154760488	0.0113901930208	0.0261839242421
MCT.f.0229	-0.265483568874	-0.0914393915204	-0.0393328851053
MCT.f.0235	0.255871253725	0.0680844857802	0.0624766362558
MCT.f.0234	0.276245808957	0.00996801403333	0.0887661136417
MCT.f.0226	-0.20217451979	0.208439203441	0.135299703154
MCT.f.0238	0.0739793976595	0.240359877417	-0.307244020527
MCT.f.0227	-0.246183026799	0.144906339109	0.0918491132957
MCT.f.0236	0.220429893265	0.156947188471	-0.000942388093246

Biplot	0	0

Site constraints	0	0
