Eigvals	3
147.481780761	107.666418701	68.8153000333

Proportion explained	3
0.389408177593	0.249746890836	0.138328896846

Species	0	0

Site	12	3
MCT.f.0233	0.0582496981004	-0.146133276341	0.19041189886
MCT.f.0232	0.108127130509	-0.246476675879	-0.17337392406
MCT.f.0231	0.0231659860852	-0.187934757312	0.0183634464795
MCT.f.0230	-0.0631508338799	-0.0561354900818	0.13820429154
MCT.f.0228	-0.22783965817	0.0150072527427	-0.0180143235196
MCT.f.0229	-0.0282853270317	-0.031967827558	-0.106013319578
MCT.f.0235	0.114440713234	0.0202985806824	-0.117445467526
MCT.f.0234	0.15469464007	0.0491578700208	0.185382958969
MCT.f.0226	-0.0334775994909	0.147844506224	0.0461746304716
MCT.f.0238	0.00227438963369	0.230628459481	-0.0573783606807
MCT.f.0227	-0.132175677924	0.0951777836656	0.0389838049295
MCT.f.0236	0.0239765388635	0.110533574355	-0.145295635885

Biplot	0	0

Site constraints	0	0
