Eigvals	3
128.707305183	75.4084357757	61.861760694

Proportion explained	3
0.258129776045	0.187817659764	0.157465485572

Species	0	0

Site	15	3
MCT.f.0558	-0.128469718355	-0.239969314567	-0.000341121061501
MCT.f.0557	-0.0497306255868	-0.128046809092	-0.106525883384
MCT.f.0549	-0.165906207561	0.191655537725	0.0535489786465
MCT.f.0548	-0.201906158132	0.229964012803	-0.0105186270191
MCT.f.0561	-0.0882703103977	-0.0399110386326	-0.00238546443892
MCT.f.0560	-0.12104369645	-0.223296268332	0.00169912212517
MCT.f.0547	-0.206037416266	0.210380194061	0.0240289195711
MCT.f.0552	0.212299491877	-0.0155390866627	0.196086472509
MCT.f.0553	0.255442836653	-0.0180862672194	0.0426797557955
MCT.f.0559	-0.117784596549	-0.240788080054	0.035258701493
MCT.f.0551	0.14234734124	0.026147824555	0.229382054699
MCT.f.0556	0.0476279170217	0.032807296553	-0.29571438363
MCT.f.0550	0.0282328127276	0.0785093107714	0.173333648193
MCT.f.0554	0.226198644527	0.0530727442703	-0.145375729218
MCT.f.0555	0.166999685252	0.0830999438208	-0.19515644428

Biplot	0	0

Site constraints	0	0
