Eigvals	3
128.707305183	75.4084357757	61.861760694

Proportion explained	3
0.258129776045	0.187817659764	0.157465485572

Species	0	0

Site	15	3
MCT.f.0558	-0.128339020159	-0.213734800695	-0.022587031896
MCT.f.0557	-0.0621196278758	-0.122111277534	0.0425460277682
MCT.f.0549	-0.00898940565705	0.0383787578281	0.129378349822
MCT.f.0548	-0.0917254913294	0.124788451405	0.106821533938
MCT.f.0561	-0.0417262299441	-0.0540195963224	-0.00447313746055
MCT.f.0560	-0.0362305823473	-0.113960051874	-0.0277091221337
MCT.f.0547	-0.102643118595	0.145070774291	-0.118342557107
MCT.f.0552	0.128815612477	-0.102852474037	0.0258312940249
MCT.f.0553	0.177463169599	-0.0366473478721	-0.0135667528112
MCT.f.0559	-0.0747961505273	-0.045146313185	-0.0870597529064
MCT.f.0551	0.0490931461116	0.165329659556	0.0570581123538
MCT.f.0556	0.0410909007433	-0.130727634094	-0.00215464515829
MCT.f.0550	-0.0808335915796	0.104733900862	0.0914819596879
MCT.f.0554	0.132647463057	0.0529192876731	0.0402167234321
MCT.f.0555	0.0982929260264	0.187978663997	-0.217441001554

Biplot	0	0

Site constraints	0	0
