Eigvals	3
127.292564998	66.58476771	44.6905401146

Proportion explained	3
0.280169036318	0.174073315048	0.136732752096

Species	0	0

Site	10	3
sample11	-0.0658528892131	0.326946264207	-0.0133972590581
sample13	-0.254547269726	-0.26438238504	0.201962622889
sample14	-0.0466721963279	-0.0126341514925	0.0810899711795
sample4	0.275201790395	0.00106189033593	0.0490327835403
sample6	-0.243694183635	-0.201575704858	-0.189847226094
sample1	0.110454557963	-0.137641899758	-0.142277769924
sample3	0.271686435281	-0.0556969021325	-0.0219438464513
sample2	0.214947740398	-0.0215798766595	0.202601134122
sample9	-0.226895240273	0.250389267702	0.17220554597
sample8	-0.0346287448631	0.115113497696	-0.339425956173

Biplot	0	0

Site constraints	0	0
