Eigvals	3
127.292564998	66.58476771	44.6905401146

Proportion explained	3
0.280169036318	0.174073315048	0.136732752096

Species	0	0

Site	10	3
sample11	-0.112225671639	0.0580105708072	0.0217780880086
sample13	-0.0679671713098	-0.0811294217508	0.0569567946337
sample14	-0.141673786541	-0.0338999801695	0.156605048029
sample4	0.0922076046053	-0.0844011971352	0.0366703180597
sample6	-0.0608904499192	0.0275115278102	-0.167436927622
sample1	0.117801673721	-0.112002116292	0.101671635282
sample3	0.268155193209	0.0583506950431	0.0785803774975
sample2	0.130919861907	-0.0810363111563	-0.123606457371
sample9	-0.0672114656074	0.206054614403	0.00293347831486
sample8	-0.159115788426	0.0425416184404	-0.164152354833

Biplot	0	0

Site constraints	0	0
