Eigvals	3
93.8400804592	61.3211473013	55.9039612903

Proportion explained	3
0.381871533984	0.195149577345	0.151204219142

Species	0	0

Site	12	3
MCT.f.0365	-0.0424167725998	0.103216845406	-0.153407504555
MCT.f.0364	-0.0754807634366	0.0493565314849	-0.108824891136
MCT.f.0374	0.0487451292423	-0.0858592221425	-0.0635845653285
MCT.f.0366	-0.0560034493318	0.0165745592301	-0.106066615705
MCT.f.0361	-0.0430891639616	0.0518852317694	0.222398948488
MCT.f.0363	-0.188686976799	0.0213171434103	0.155222606603
MCT.f.0370	0.238954423462	-0.00519291898312	0.0151591117604
MCT.f.0362	-0.165477229463	0.00545346109901	-0.0323858527293
MCT.f.0371	0.174640424135	0.0582701093344	0.0418849270227
MCT.f.0369	0.126726129661	-0.189384888366	0.0209636485887
MCT.f.0368	-0.0926059542147	-0.178111454839	-0.0134525217505
MCT.f.0372	0.074694203307	0.152474602596	0.0220927087413

Biplot	0	0

Site constraints	0	0
