Eigvals	3
93.8400804592	61.3211473013	55.9039612903

Proportion explained	3
0.381871533984	0.195149577345	0.151204219142

Species	0	0

Site	12	3
MCT.f.0365	-0.246368219181	-0.0449819789864	-0.0990113827036
MCT.f.0364	-0.24344948958	0.0297665248655	-0.0163465094874
MCT.f.0374	0.225029768479	0.270026975949	-0.240616852187
MCT.f.0366	-0.140527806255	-0.134011517324	-0.167243633213
MCT.f.0361	-0.177676908473	0.132259407336	0.122356945309
MCT.f.0363	-0.228800035601	0.0470024544852	0.0533731455273
MCT.f.0370	0.229368612247	-0.115548591018	0.121085490849
MCT.f.0362	-0.205679286225	0.129697653898	0.147612011988
MCT.f.0371	0.299986415089	-0.00659764019343	0.0997131523146
MCT.f.0369	0.1216436931	-0.198772649261	0.0252426867461
MCT.f.0368	0.0418818612719	-0.23164548187	-0.0736149378949
MCT.f.0372	0.324591395128	0.122804842119	0.0274498827518

Biplot	0	0

Site constraints	0	0
