Eigvals	3
289.374373104	89.8959113859	54.9527928576

Proportion explained	3
0.330903262034	0.135411061356	0.104499141065

Species	0	0

Site	14	3
sample11	0.202675611766	0.00990214744937	0.139313681769
sample10	0.15842676027	0.0731296248858	0.124473194246
sample12	0.0635590452972	-0.0769446023386	0.0529428470154
sample15	0.103872704007	0.0667731662949	0.164367443804
sample14	-0.25321506816	0.136392531347	-0.0224487096415
sample5	-0.210673944546	-0.224267326553	-0.00221914258077
sample4	-0.16161796714	-0.00334367514001	-0.0241527357203
sample7	-0.01748210454	-0.0442023480173	0.247240370886
sample6	-0.363957813958	0.179922149252	0.0296806770183
sample1	0.152324665577	0.00510232211075	-0.261257538272
sample3	0.16907112421	-0.0109735890618	-0.144527636505
sample2	0.188351065533	0.0335079040068	0.0104874729654
sample9	-0.0665979186253	-0.350498010156	-0.0981836789691
sample8	0.0352638403086	0.20549970592	-0.215716246015

Biplot	0	0

Site constraints	0	0
