Eigvals	3
289.374373104	89.8959113859	54.9527928576

Proportion explained	3
0.330903262034	0.135411061356	0.104499141065

Species	0	0

Site	14	3
sample11	-0.0295640230027	-0.00209464080849	0.0363071310232
sample10	0.0268213898532	0.0084141954657	0.0537691126906
sample12	-0.0583050341499	0.0285782228666	0.013754376202
sample15	0.071376171136	0.0536390616146	0.0121005622275
sample14	-0.0325745811907	0.0331631695704	-0.033565182889
sample5	-0.03992929574	-0.0318739152047	0.00191986264165
sample4	-0.015464099379	-0.0370078372865	0.0079049931874
sample7	-0.0213742041928	-0.0211816848228	0.00940795779298
sample6	-0.000599505873217	-0.0320550810876	0.00703351030488
sample1	0.0160860500028	0.0359016011111	-0.239412218123
sample3	0.0422063514855	-0.0572422073681	0.0117397561357
sample2	-0.00896549303715	-0.0468952623752	-0.00269842883941
sample9	0.0227316483902	0.00663763140885	0.0610498540502
sample8	0.0275546256978	0.0620167469162	0.0606887135957

Biplot	0	0

Site constraints	0	0
