Eigvals	3
117.462801	64.2512037171	51.0659539379

Proportion explained	3
0.357617148566	0.202137794022	0.150586448476

Species	0	0

Site	13	3
MCT.f.0418	-0.10111286909	-0.214542997553	-0.0390097503522
MCT.f.0086	-0.202220860236	-0.0874740234384	-0.187143579319
MCT.f.0412	-0.0534924583766	0.163178594742	0.244311390069
MCT.f.0416	-0.28513035682	0.0152695270194	-0.14998128159
MCT.f.0415	-0.278240145518	0.155591137854	0.0410944816447
MCT.f.0414	-0.208037225461	0.142596026947	0.141179981912
MCT.f.0422	0.252352862859	0.0220889411526	0.00355275491901
MCT.f.0423	0.244662188012	0.0437565072985	-0.0323017951979
MCT.f.0419	-0.035543630842	-0.229017105179	0.0183673134659
MCT.f.0421	0.179905325997	-0.117727515495	0.109800692465
MCT.f.0420	0.0897703958813	-0.213186590707	0.124080944924
MCT.f.0424	0.234478184566	0.14758821256	-0.130315051204
MCT.f.0425	0.162608589029	0.171879284798	-0.143636101737

Biplot	0	0

Site constraints	0	0
