Eigvals	3
117.462801	64.2512037171	51.0659539379

Proportion explained	3
0.357617148566	0.202137794022	0.150586448476

Species	0	0

Site	13	3
MCT.f.0418	0.0626383807552	-0.142745274307	0.0696665617163
MCT.f.0086	-0.123963000859	-0.0117552207317	-0.0308393345798
MCT.f.0412	0.0999869192322	-0.0404729089883	0.176041123164
MCT.f.0416	-0.0521574698917	0.0414423286587	-0.0979135632061
MCT.f.0415	-0.135422811248	0.0969676272234	-0.0514861174596
MCT.f.0414	-0.0721963567937	0.0696754877167	0.0014061568863
MCT.f.0422	0.131449461638	-0.019613920946	-0.0217345838972
MCT.f.0423	-0.0758166115203	0.163061105055	0.00239037908929
MCT.f.0419	0.0201508871205	-0.123276422232	0.0914428225409
MCT.f.0421	-0.0104164106672	-0.00950706165153	-0.025428628775
MCT.f.0420	-0.0423255981821	-0.163396897195	0.0227501209489
MCT.f.0424	0.0870135065011	0.102612923066	0.110845713669
MCT.f.0425	0.111059103915	0.0370082343324	-0.247140650097

Biplot	0	0

Site constraints	0	0
