Eigvals	3
130.891086156	78.0613454495	56.9906144939

Proportion explained	3
0.324906992645	0.223327554426	0.150019632627

Species	0	0

Site	12	3
MCT.f.0167	-0.10495806778	-0.17482449859	-0.0820274810872
MCT.f.0166	-0.0889584508609	-0.11782632952	0.059868987591
MCT.f.0163	0.0133201672168	-0.0510509732121	0.152539165153
MCT.f.0162	0.0550942502149	-0.111734211539	0.00404037050424
MCT.f.0161	0.235349718423	0.0251211054785	-0.0886973330251
MCT.f.0160	0.171023977122	0.0718957857244	-0.0456293556297
MCT.f.0157	-0.149518919902	0.106468204994	-0.0151694177361
MCT.f.0159	-0.0365245603827	0.0281261419934	-0.135411480773
MCT.f.0169	-0.0638627354181	-0.133754736558	0.0845338072232
MCT.f.0168	-0.10441180444	0.03516648165	-0.0781599420324
MCT.f.0170	0.0280878565474	0.273678848578	0.0217281863596
MCT.f.0158	0.0453585692596	0.0487341810009	0.122384493453

Biplot	0	0

Site constraints	0	0
