Eigvals	3
130.891086156	78.0613454495	56.9906144939

Proportion explained	3
0.324906992645	0.223327554426	0.150019632627

Species	0	0

Site	12	3
MCT.f.0167	-0.180263538343	-0.202378594831	-0.0966939624294
MCT.f.0166	-0.20906623065	-0.11515030902	-0.00211399996656
MCT.f.0163	0.174359625765	-0.10417789307	0.255309419588
MCT.f.0162	0.304954696254	-0.109647232533	0.116363458555
MCT.f.0161	0.307949912165	-0.0994462810491	-0.0546234400344
MCT.f.0160	0.199676576852	0.0483350586708	-0.258968110952
MCT.f.0157	-0.0776053142755	0.273731511335	0.082869020711
MCT.f.0159	0.073590295555	0.229968264	-0.121723318533
MCT.f.0169	-0.190282770115	-0.0362961260497	0.0182554077792
MCT.f.0168	-0.163800860455	-0.203759578974	-0.108077510711
MCT.f.0170	-0.178254576424	0.0377208411263	0.1521918947
MCT.f.0158	-0.0612578163284	0.281100340395	0.0172111412931

Biplot	0	0

Site constraints	0	0
