Eigvals	3
116.731083538	103.97893815	60.7630813834

Proportion explained	3
0.283344588312	0.253419152546	0.137732330155

Species	0	0

Site	13	3
MCT.f.0259	-0.0613982595038	0.0654754315879	-0.00513871778117
MCT.f.0258	-0.146602378212	0.021840761676	0.0502178638075
MCT.f.0265	-0.0344026456452	-0.0832072488671	-0.0823052674551
MCT.f.0269	0.0721769034271	0.0478791038357	0.0459822011012
MCT.f.0266	0.00225573362624	-0.156002019276	0.100957145787
MCT.f.0267	0.0199799752709	0.10868009072	0.0178262861533
MCT.f.0260	-0.0382449676774	-0.0801257885221	-0.0172338734685
MCT.f.0261	-0.0362870366525	0.104332937928	-0.000925607540987
MCT.f.0263	-0.0586779597931	-0.0766979390819	-0.0594908147774
MCT.f.0264	-0.0587035979653	0.0131614604728	-0.0434042987631
MCT.f.0272	0.155718813043	0.0123972543654	0.142010963703
MCT.f.0271	0.0253933495092	0.106362335407	-0.0827197394508
MCT.f.0270	0.158792070573	-0.0840963802466	-0.0657761413153

Biplot	0	0

Site constraints	0	0
