Eigvals	3
116.731083538	103.97893815	60.7630813834

Proportion explained	3
0.283344588312	0.253419152546	0.137732330155

Species	0	0

Site	13	3
MCT.f.0259	-0.189792625898	0.205025534765	0.0889703938991
MCT.f.0258	-0.18519422016	0.187179716436	0.107120265476
MCT.f.0265	-0.0643860355783	-0.221723869754	0.0887501415103
MCT.f.0269	0.285015449697	0.0818449104518	-0.125400753949
MCT.f.0266	0.0149411807401	-0.264147355442	0.0036583053785
MCT.f.0267	-0.00792171406979	-0.160017412683	-0.097244108333
MCT.f.0260	-0.159380478952	0.27637967505	-0.108632775059
MCT.f.0261	-0.193700439555	0.0308823356203	-0.182021228349
MCT.f.0263	-0.100683936034	-0.138470084997	0.0123852056932
MCT.f.0264	-0.0958672467655	-0.196826336529	-0.048828798985
MCT.f.0272	0.116918045639	0.012805159883	0.238922565751
MCT.f.0271	0.241842037749	0.092269060903	0.146674269651
MCT.f.0270	0.338209983188	0.0947986662964	-0.124353482684

Biplot	0	0

Site constraints	0	0
