Eigvals	3
198.257767044	106.551090422	70.4749154749

Proportion explained	3
0.49558556406	0.219927233311	0.10587177235

Species	0	0

Site	13	3
MCT.f.0107	-0.188038976038	0.0714644037523	0.137560128388
MCT.f.0112	-0.0136252891263	0.0616184083772	-0.0146935126852
MCT.f.0113	0.0056246615383	-0.128578546321	-0.116741103408
MCT.f.0110	-0.0195931012147	-0.0435975868022	-0.24440643423
MCT.f.0111	-0.0269199054044	-0.196421979478	0.0221635364626
MCT.f.0116	0.0267681636876	0.0202242057576	0.00142363348796
MCT.f.0117	0.125751154486	-0.0101484918065	0.0546337940601
MCT.f.0114	0.0863398692811	-0.182803003251	0.0687573331414
MCT.f.0115	0.00890746057898	0.0932457608139	0.0307159860543
MCT.f.0109	-0.124261243799	0.0343846664531	0.094034655023
MCT.f.0108	-0.184214898978	0.12421160951	0.112480842249
MCT.f.0118	0.142651510758	0.0673726501313	-0.071287808036
MCT.f.0119	0.160610594231	0.0890279028632	-0.0746410505074

Biplot	0	0

Site constraints	0	0
