Eigvals	3
198.257767044	106.551090422	70.4749154749

Proportion explained	3
0.49558556406	0.219927233311	0.10587177235

Species	0	0

Site	13	3
MCT.f.0107	-0.26765081156	0.121631682143	0.101409290035
MCT.f.0112	-0.107761252846	-0.171123027517	-0.126132939083
MCT.f.0113	0.0400804211604	-0.20793581845	-0.0642965109601
MCT.f.0110	-0.259624807883	0.0150623820427	-0.0144335132027
MCT.f.0111	-0.207988549815	-0.0485280910529	-0.0624392691385
MCT.f.0116	0.269790440166	-0.0111287697474	0.0781565506984
MCT.f.0117	0.282764418684	0.0905796905446	0.061550826138
MCT.f.0114	0.140981066591	-0.185780634829	0.0413165870871
MCT.f.0115	0.178843437683	-0.162950420616	0.0801101068663
MCT.f.0109	-0.262682124362	0.0679861652675	0.0182642242268
MCT.f.0108	-0.281091307398	0.0954829966611	0.0546208204826
MCT.f.0118	0.241807340067	0.155425834066	-0.000365365167504
MCT.f.0119	0.232531729513	0.241278011488	-0.167760807983

Biplot	0	0

Site constraints	0	0
