Eigvals	3
198.113613891	106.58636004	70.6124063607

Proportion explained	3
0.292492145924	0.172520735414	0.133332427782

Species	0	0

Site	13	3
sample11	0.0889577533294	-0.0320199589617	0.0653670328275
sample10	0.0219234175713	0.0133712411545	0.0113460313199
sample13	0.148806582015	0.0728332373044	-0.00413021183924
sample12	0.132881776208	0.0564314805128	-0.0103328178805
sample5	-0.0330546625989	-0.159653211329	-0.0351568297819
sample4	0.0366324977043	0.0212211132496	-0.203857871285
sample7	0.0260174965462	-0.0775282924389	-0.120068868787
sample6	-0.00570925218465	0.0538672310959	0.000563896411373
sample1	-0.179480725411	0.044238598008	0.0856809342703
sample3	-0.119719235308	0.0182585852066	0.0559821102669
sample2	-0.169132972467	0.0916792135842	0.0796039209308
sample9	0.00348433312967	0.0669926083033	0.0478777033903
sample8	0.0483929914653	-0.16969184569	0.0271249701564

Biplot	0	0

Site constraints	0	0
