Eigvals	3
198.113613891	106.58636004	70.6124063607

Proportion explained	3
0.292492145924	0.172520735414	0.133332427782

Species	0	0

Site	13	3
sample11	0.269911711278	-0.122681567819	0.0886614264407
sample10	0.184325130702	0.213687366181	0.00829098182709
sample13	0.18511475956	-0.168663342208	0.266059681276
sample12	0.16466322561	-0.0110132922101	-0.282672727043
sample5	-0.125682397956	-0.232922732493	-0.0890775373923
sample4	-0.140596395817	0.176461595113	-0.0763785067655
sample7	0.106164734245	-0.0302241482107	-0.0391814128415
sample6	0.0136290786745	-0.11590932921	-0.243400131474
sample1	-0.21380268142	0.0770500253688	0.105872144449
sample3	-0.250103693956	-0.163270915534	0.0495329284888
sample2	-0.316484079812	0.0617586668466	0.0488586045133
sample9	0.0760162463668	0.256386163193	0.00717533412894
sample8	0.0468443625244	0.0593415109817	0.156259214393

Biplot	0	0

Site constraints	0	0
