Eigvals	3
113.15957912	102.961508618	72.9210411041

Proportion explained	3
0.199396818606	0.168055308076	0.126012551494

Species	0	0

Site	14	3
MCT.f.0443	-0.154120895297	0.243484026825	-0.176580223417
MCT.f.0459	0.105508894575	0.232644911079	-0.195561428693
MCT.f.0458	0.222109031375	0.105668562427	0.0527179468744
MCT.f.0457	0.179935081243	-0.137908095624	0.0569687760159
MCT.f.0444	-0.17717511019	0.156227838091	0.0257408608971
MCT.f.0455	0.313659529679	-0.138220494125	-0.0246087651889
MCT.f.0454	-0.0588276772341	-0.23613586311	-0.146993059386
MCT.f.0453	-0.145514248814	-0.136256467662	-0.029613319722
MCT.f.0445	-0.0953677857327	0.0404314292426	0.133990340302
MCT.f.0446	-0.0461549158154	0.0863931638192	0.26847242487
MCT.f.0450	-0.167703897905	-0.0793930285277	-0.129451256102
MCT.f.0451	-0.168768139255	-0.200428644944	-0.0221526054001
MCT.f.0456	0.274455205095	0.0492332341706	-0.0396930204569
MCT.f.0447	-0.0820350717237	0.0142594283382	0.226763329406

Biplot	0	0

Site constraints	0	0
