Eigvals	3
260.166691473	187.317518324	69.8293453119

Proportion explained	3
0.335452410581	0.24202410341	0.127847063933

Species	0	0

Site	13	3
MCT.f.0538	0.115666716358	0.174595642502	0.0405043877229
MCT.f.0539	0.0946196817373	0.184457202077	0.0657075477363
MCT.f.0529	-0.419191202939	0.0670554842922	0.00614828865112
MCT.f.0530	-0.41933535507	0.0790473432246	0.0113760401447
MCT.f.0532	-0.0124604890178	-0.13115639817	-0.241919903765
MCT.f.0533	0.0285670239382	-0.149950228088	-0.261601984874
MCT.f.0534	0.114611393727	0.0182270040305	-0.110593922018
MCT.f.0535	0.145956132042	0.0616569763818	-0.045303134314
MCT.f.0536	0.167489623208	0.108869785894	-0.0111835987829
MCT.f.0541	0.0580689005835	-0.0144975815904	0.122890134985
MCT.f.0540	0.0736845655124	0.172322021475	0.0818494247084
MCT.f.0543	0.0249743675281	-0.288533486404	0.193283296271
MCT.f.0544	0.0273486423921	-0.282093765625	0.148843423535

Biplot	0	0

Site constraints	0	0
