Eigvals	3
260.166691473	187.317518324	69.8293453119

Proportion explained	3
0.335452410581	0.24202410341	0.127847063933

Species	0	0

Site	13	3
MCT.f.0538	0.0054632661671	0.18341914257	0.0283825241249
MCT.f.0539	-0.0451032721175	0.129405374885	0.112522633511
MCT.f.0529	-0.132074067595	0.141858614921	0.013900299614
MCT.f.0530	-0.232686135822	0.110851511843	0.0138408467265
MCT.f.0532	0.11116539968	-0.0819042795716	-0.124118677997
MCT.f.0533	0.0677754767282	-0.0507959273904	-0.299977770522
MCT.f.0534	-0.0797416809287	-0.0794706296901	-0.165163851595
MCT.f.0535	0.0827600240638	-0.101979925902	-0.00377651841598
MCT.f.0536	-0.0946215467754	-0.0880840600734	0.0678318489724
MCT.f.0541	0.122691261959	-0.0290248394862	0.0562860745308
MCT.f.0540	0.016700555152	0.0277675340925	0.0623913079888
MCT.f.0543	0.0689898850987	-0.110463840226	0.113362702712
MCT.f.0544	0.10868083439	-0.0515786759721	0.124518580348

Biplot	0	0

Site constraints	0	0
