Eigvals	3
102.996473178	68.7010001329	56.2774100767

Proportion explained	3
0.275196357203	0.203194800556	0.150100008783

Species	0	0

Site	14	3
MCT.f.0344	-0.168548966896	0.141414804571	0.105189894515
MCT.f.0351	0.136620156522	-0.228632445994	0.130320512179
MCT.f.0347	-0.220368765392	0.0327191104183	0.0267901531916
MCT.f.0352	0.158161042405	-0.147988441364	0.206881859162
MCT.f.0349	-0.12039809794	-0.20657913081	-0.174894118507
MCT.f.0348	-0.195551916174	-0.148025191251	-0.115919277346
MCT.f.0350	-0.0743951191704	-0.233064693566	-0.118196331324
MCT.f.0346	-0.222270896257	0.15705290736	0.0631212995334
MCT.f.0345	-0.178708313033	0.176528742856	0.109906516437
MCT.f.0353	0.178782427178	-0.0510775026182	0.197277622061
MCT.f.0354	0.0859832335853	0.119125709743	-0.0660992087516
MCT.f.0355	0.204975699965	0.148600037725	-0.13198603616
MCT.f.0356	0.195305884773	0.138117195752	-0.117545111976
MCT.f.0357	0.220413630434	0.10180889718	-0.114847773014

Biplot	0	0

Site constraints	0	0
