Eigvals	3
102.996473178	68.7010001329	56.2774100767

Proportion explained	3
0.275196357203	0.203194800556	0.150100008783

Species	0	0

Site	14	3
MCT.f.0344	0.0349464128048	0.0543802190877	0.0336417737694
MCT.f.0351	0.0770409368614	-0.0435495879097	0.0845561535554
MCT.f.0347	-0.0699522281974	0.0804923707621	-0.212517364745
MCT.f.0352	0.0633932584187	-0.0794415979986	0.0654812658194
MCT.f.0349	0.0121491606124	-0.016445086706	-0.0283420179128
MCT.f.0348	-0.171987328596	-0.149344325463	-0.0525720125862
MCT.f.0350	-0.0752675698933	-0.221520612774	-0.130246136754
MCT.f.0346	-0.159618358911	0.146864947315	0.135363096356
MCT.f.0345	-0.0292808538133	0.0470806782299	0.0763756892725
MCT.f.0353	0.12066049273	0.060698999057	0.0454307566195
MCT.f.0354	0.0541480639017	-0.0446155883168	0.0484472064618
MCT.f.0355	-0.0469927958138	-0.0518564914449	0.0725702578699
MCT.f.0356	0.128885125858	0.0854519115715	-0.124310606449
MCT.f.0357	0.0618756840374	0.131804164589	-0.0138780612764

Biplot	0	0

Site constraints	0	0
