Eigvals	3
115.631503215	105.1388243	58.7886051621

Proportion explained	3
0.194591973058	0.164609810882	0.109024624559

Species	0	0

Site	15	3
MCT.f.0308	-0.00419542679873	0.00211245966546	-0.0364934726012
MCT.f.0307	-0.00598763445026	-0.0461184367526	-0.0727778284564
MCT.f.0319	-0.0120199145348	-0.0066228117552	0.0582322543453
MCT.f.0314	-0.0235240770907	0.00926129787534	-0.0662360093263
MCT.f.0315	-0.028800709138	0.0486837965434	-0.0605764561574
MCT.f.0316	-0.00754375714569	0.0099361129119	-0.0288416868038
MCT.f.0322	-0.0593246049514	0.0507514373683	-0.00357456080199
MCT.f.0310	0.0580593995787	-0.0821395185777	0.0118332679368
MCT.f.0311	0.0127174629492	-0.0332420690329	0.0920717330359
MCT.f.0312	0.153437352674	0.0654235368723	-0.0260358399582
MCT.f.0313	-0.00253519234595	-0.0309541104973	0.00281882682644
MCT.f.0321	-0.0171706339638	0.00182584770681	0.00921839479436
MCT.f.0320	0.00619228417822	-0.0291244820492	0.00263373041602
MCT.f.0318	-0.0597869848452	0.0444064808873	0.0228684609488
MCT.f.0323	-0.00951756411532	-0.00419954116609	0.0948591858018

Biplot	0	0

Site constraints	0	0
