Eigvals	3
115.631503215	105.1388243	58.7886051621

Proportion explained	3
0.194591973058	0.164609810882	0.109024624559

Species	0	0

Site	15	3
MCT.f.0308	0.125426730072	0.216328065026	-0.0981128236021
MCT.f.0307	-0.0451281665305	0.115480051704	-0.146330516499
MCT.f.0319	0.0297181731697	-0.0209229338784	-0.174009688825
MCT.f.0314	0.119276087059	-0.104469023849	0.0435064204375
MCT.f.0315	-0.0153274287306	0.0999145896783	0.0690148708421
MCT.f.0316	-0.263295732518	-0.0876118492596	-0.0530682041945
MCT.f.0322	-0.249356207997	0.179327662447	0.21154632757
MCT.f.0310	-0.0674588988117	-0.148438059576	-0.0184004427267
MCT.f.0311	0.167587026822	0.00509862027471	0.137468162833
MCT.f.0312	0.182719771386	-0.000244076482112	-0.101827145311
MCT.f.0313	0.193212816822	-0.12350918553	0.15909412855
MCT.f.0321	0.210005215294	0.193499916784	-0.0658998103678
MCT.f.0320	0.0639064321974	-0.287789689511	0.122544664687
MCT.f.0318	-0.214431594408	-0.158215000329	-0.229309395898
MCT.f.0323	-0.236854223825	0.121550912502	0.143783452503

Biplot	0	0

Site constraints	0	0
