Eigvals	3
186.769173701	76.5580942924	46.4942673028

Proportion explained	3
0.292648190016	0.161704527695	0.119288533281

Species	0	0

Site	11	3
sample11	0.00377627650733	-0.0607477421022	0.152798030197
sample10	0.0700241882094	-0.167836798471	0.0235717984562
sample13	0.0614366353311	-0.037544515487	0.0808650626928
sample15	0.0783419244344	0.021955458442	-0.000541993033819
sample16	0.140717691784	0.0558245054216	0.0683984801112
sample5	-0.107401587025	0.114817453532	-0.0143697427739
sample4	-0.0601461263219	-0.0332848173902	-0.102593757184
sample6	-0.00205851253484	0.0581094068635	-0.0575720479072
sample3	0.0258899650656	0.113007486941	-0.0735636849022
sample2	-0.251504565798	0.0726260713189	-0.0570187858564
sample8	0.0409241103478	-0.136926509069	-0.0199733598003

Biplot	0	0

Site constraints	0	0
