Eigvals	3
186.769173701	76.5580942924	46.4942673028

Proportion explained	3
0.292648190016	0.161704527695	0.119288533281

Species	0	0

Site	11	3
sample11	-0.0130957574489	-0.19463282311	0.173821001082
sample10	-0.0428060900847	-0.137421175257	0.190314221329
sample13	0.289493184825	0.273923749801	0.162284473466
sample15	0.0957095308826	-0.133924953024	-0.0795230277791
sample16	-0.0173046861917	0.10712516522	0.249205718027
sample5	-0.0726372538672	-0.188728245953	0.034718738153
sample4	-0.240593247322	0.157719602904	-0.144324605837
sample6	0.347912232179	0.0833238623498	-0.225443527685
sample3	-0.194901769351	0.108240937224	-0.160034993549
sample2	-0.222683241849	0.174909591669	-0.0158779861799
sample8	0.0709070982289	-0.250535711825	-0.185140011026

Biplot	0	0

Site constraints	0	0
