Eigvals	3
185.982962351	143.579044883	94.6010272947

Proportion explained	3
0.208226247189	0.176878880244	0.122333368123

Species	0	0

Site	13	3
sample10	0.164491654719	0.0149302291621	-0.254586410837
sample13	-0.067824484751	0.142498555801	-0.0682031884595
sample12	0.0792272464668	-0.322492100169	-0.0923093400815
sample15	-0.21164567219	0.0198676011296	-0.040292078768
sample14	0.314960968009	0.201407720312	-0.0330285019182
sample5	0.0158777347482	0.19051302519	0.0645838703356
sample4	-0.0568663006361	-0.113315997402	0.240213534207
sample7	0.133232206417	0.164333770724	-0.01377646342
sample6	-0.180538590714	-0.0819794939046	-0.140225705373
sample1	0.0108788428307	-0.252645407497	-0.0831212769716
sample3	-0.178547167598	0.159195743632	0.126866938329
sample2	-0.237320130571	0.0338479192496	0.00833375591808
sample8	0.214073693269	-0.156161566227	0.285544867039

Biplot	0	0

Site constraints	0	0
