Eigvals	3
185.982962351	143.579044883	94.6010272947

Proportion explained	3
0.208226247189	0.176878880244	0.122333368123

Species	0	0

Site	13	3
sample10	0.0838226348572	0.0404091873453	-0.0405710832006
sample13	0.0570542454421	-0.00623793969796	-0.0627087316285
sample12	0.0514248099446	-0.091528891612	-0.00994151381164
sample15	-0.101197419054	0.0759074420165	-0.139769743662
sample14	0.0176544620736	-0.0410912917667	-0.0504504298732
sample5	0.000284674533408	-0.011740745451	0.0941928969514
sample4	0.00233715199185	-0.0220398020978	0.0393852657797
sample7	0.0327935145068	0.0448922645289	0.0327988312141
sample6	-0.0584846787741	0.0738463130196	0.0690169701442
sample1	-0.0459470062139	-0.0367774592644	0.0392206193602
sample3	-0.0748940651856	-0.0403527407025	0.0529411844001
sample2	-0.0099488882503	-0.0490485409369	-0.00331601095286
sample8	0.0451005641279	0.0637622046189	-0.0207982547208

Biplot	0	0

Site constraints	0	0
