Eigvals	3
71.4686101326	40.7746947873	36.5131446991

Proportion explained	3
0.237040645088	0.163916197292	0.146085785237

Species	0	0

Site	10	3
sample11	0.169154599327	0.15163680827	-0.156089024046
sample10	0.297908571427	-0.0766884039027	0.0856357438106
sample12	0.0458300899591	-0.277415368275	-0.0550133934674
sample14	0.0931368084065	0.00662362599205	-0.125193940221
sample5	-0.0974866441342	0.237805264276	0.346882405525
sample4	0.178362911165	0.267717918098	-0.0843510516122
sample1	-0.202854173577	-0.0569916705686	0.20474923489
sample3	0.0788210655907	-0.262781043398	0.124256439268
sample9	-0.266582094332	-0.105451456697	-0.179203356433
sample8	-0.296291133832	0.115544326206	-0.161673057715

Biplot	0	0

Site constraints	0	0
