Eigvals	3
71.4686101326	40.7746947873	36.5131446991

Proportion explained	3
0.237040645088	0.163916197292	0.146085785237

Species	0	0

Site	10	3
sample11	0.182257582789	-0.0489977780315	0.0547551272688
sample10	0.153990588103	-0.0227758778813	0.103981506525
sample12	0.0216169824334	0.0092620147576	-0.169263722351
sample14	-0.00434537210907	-0.107297305067	-0.182705583427
sample5	-0.0298575636551	0.180356300404	-0.0334923820502
sample4	0.00157836069657	0.167447575945	-0.00806520584478
sample1	-0.0683857413748	-0.222831062685	0.159589864976
sample3	-0.0116254377496	-0.0355467876713	0.101375622799
sample9	-0.115806207872	0.0373251094861	-0.0279455092436
sample8	-0.129423191261	0.0430578107437	0.00177028134785

Biplot	0	0

Site constraints	0	0
