Eigvals	3
216.760539043	130.161186289	81.7049497893

Proportion explained	3
0.239557040926	0.159979877691	0.119529689021

Species	0	0

Site	15	3
sample11	0.146509950111	0.0673736653021	-0.0620145839643
sample10	0.119210909403	0.117031045444	-0.00472006319598
sample13	0.0464624813655	-0.0677579068707	-0.0284798719648
sample12	-0.0340309399204	-0.0962855519406	-0.00237397951
sample15	0.0775543298905	-0.0802335762976	0.121825155581
sample14	0.0954266499353	-0.0845454873198	0.0021846501158
sample16	0.0689933414195	-0.0895273130503	0.154159519913
sample5	-0.202378452487	-0.0591120892176	-0.12838381776
sample4	-0.181552754324	-0.0329566628066	-0.164919191193
sample7	0.0467479761262	0.153323118845	0.107569708865
sample6	-0.103142030399	-0.0152260856277	-0.113649056058
sample1	-0.0676245222007	0.11253294484	0.250696967732
sample3	-0.113940676511	0.0174626718215	0.00457549916349
sample9	-0.0315593488346	-0.0349339297535	0.00937351331631
sample8	0.133323086426	0.0928551566318	-0.145844451042

Biplot	0	0

Site constraints	0	0
