Eigvals	3
216.760539043	130.161186289	81.7049497893

Proportion explained	3
0.239557040926	0.159979877691	0.119529689021

Species	0	0

Site	15	3
sample11	0.150579880533	-0.0101792015711	-0.178941665611
sample10	0.175719251909	0.173192379822	-0.0303800252865
sample13	0.0935729921803	0.00251467465579	-0.0875447275958
sample12	0.0732398722888	-0.152897968653	-0.179750376582
sample15	0.0529537620505	-0.145392033808	0.22254910351
sample14	0.123506313203	-0.350109960965	0.0816948152973
sample16	0.205359059757	0.0719747527774	0.163073111869
sample5	-0.266182094604	-0.108760112478	-0.155643227035
sample4	-0.198456918188	0.157118036503	-0.150107352425
sample7	0.0751438549256	0.0515203393498	-0.0290952955955
sample6	-0.135328169455	-0.0942747983754	-0.108336766899
sample1	-0.196765475268	0.123626362842	0.152250725118
sample3	-0.28356690845	-0.0293234305132	0.218571386174
sample9	0.0532242835289	0.172981435524	-0.00977343474919
sample8	0.0770002955873	0.138009524889	0.091433729811

Biplot	0	0

Site constraints	0	0
