Eigvals	3
95.7760230487	40.8081501488	36.7133383219

Proportion explained	3
0.299677707016	0.160545141079	0.149759142866

Species	0	0

Site	9	3
sample10	0.0616975741553	-0.0495648722894	-0.0208491995471
sample13	-0.0528398959709	0.0128515741854	0.0208104793584
sample12	0.0509564378752	0.278420013441	-0.188985903814
sample5	-0.218181514971	-0.0525194490006	-0.0588659371093
sample1	-0.0477617633425	-0.0679193846036	0.112779569508
sample3	0.029197699815	-0.284939315474	-0.0650623708319
sample2	-0.0513536165881	0.059609459937	0.148403324699
sample9	0.110108799421	0.139768541881	0.0665806857447
sample8	0.118176279606	-0.0357065680777	-0.0148106480077

Biplot	0	0

Site constraints	0	0
