Eigvals	3
95.7760230487	40.8081501488	36.7133383219

Proportion explained	3
0.299677707016	0.160545141079	0.149759142866

Species	0	0

Site	9	3
sample10	0.141296818547	0.0522246800767	0.0516280722724
sample13	-0.337313627881	0.101621397506	-0.176543909982
sample12	0.145520265993	0.126460857305	-0.358246457666
sample5	-0.391461916603	-0.0785078168427	0.133838789709
sample1	0.0326982833088	-0.421630824709	0.0118180892642
sample3	0.0938056757267	-0.119299420137	-0.161005305238
sample2	-0.0712213665802	0.159333500643	0.164772477342
sample9	0.277403899173	-0.0330553564016	0.164532852654
sample8	0.109271968316	0.21285298256	0.169205391644

Biplot	0	0

Site constraints	0	0
