Eigvals	3
193.8465464	122.498162334	78.1898441136

Proportion explained	3
0.210691853509	0.157087543446	0.11358004291

Species	0	0

Site	17	3
sample11	0.017267623459	0.116527060459	0.0395571089394
sample10	-0.125175368762	-0.0708907360808	-0.190700565858
sample13	-0.0907704397015	0.209283542314	0.0759335660398
sample12	0.155358656513	-0.016307727086	-0.0799508550753
sample15	-0.226713475279	0.112981592084	0.0219291447115
sample14	-0.080118798356	0.152028954154	0.280657535823
sample17	-0.227812388213	-0.123678382104	-0.173991057077
sample16	-0.25368180706	-0.044389893043	-0.0855463062965
sample5	0.208963872369	0.165029268373	-0.164159929917
sample4	-0.0126907091957	0.21039786976	-0.0176964427405
sample7	0.174244069358	-0.0946749478817	0.116329010689
sample6	0.213476012536	0.117764335305	-0.145246799302
sample1	0.0268665619706	-0.189771406644	0.0988081668967
sample3	-0.00380798053192	-0.169537099508	0.186959518667
sample2	0.0723958563823	-0.244866735669	0.022561578754
sample9	0.0816312172066	-0.00984461373505	0.0986023826904
sample8	0.0705670973038	-0.120051080697	-0.0840460569455

Biplot	0	0

Site constraints	0	0
