Eigvals	3
216.838972132	130.189560779	81.7037193434

Proportion explained	3
0.29043177424	0.188329106918	0.135864634584

Species	0	0

Site	15	3
MCT.f.0107	-0.179701137225	-0.103480163722	-0.138985013521
MCT.f.0106	-0.11239967366	0.0257859853957	-0.0155757776592
MCT.f.0112	-0.0162529757989	0.026051090956	-0.0374397162027
MCT.f.0113	0.0704738326739	-0.0653298859972	0.138505978129
MCT.f.0110	0.00404920605397	0.0467019804828	0.188995042237
MCT.f.0111	0.0742887092245	-0.194354865617	0.072174269886
MCT.f.0116	0.0635918546009	-0.0183082182433	-0.0575688803152
MCT.f.0104	-0.070941589064	0.21932322915	0.168379176092
MCT.f.0114	0.106137898248	-0.111406438892	0.0818279461987
MCT.f.0115	0.00131498592124	0.0330043766704	-0.0976022576033
MCT.f.0109	-0.105832010023	-0.0785342073276	-0.0826701962873
MCT.f.0108	-0.185507372916	-0.056888774573	-0.156046449424
MCT.f.0118	0.116114590964	0.119258356807	-0.00811527484319
MCT.f.0119	0.115409509543	0.154268285091	-0.00785183292048
MCT.f.0117	0.119254171457	0.00390924981869	-0.0480270137654

Biplot	0	0

Site constraints	0	0
