Eigvals	3
216.838972132	130.189560779	81.7037193434

Proportion explained	3
0.29043177424	0.188329106918	0.135864634584

Species	0	0

Site	15	3
MCT.f.0107	-0.286630486402	-0.0202615113198	-0.11597670842
MCT.f.0106	-0.244465360381	0.0900566789518	-0.0325306357255
MCT.f.0112	0.00766463140288	-0.022942823755	0.186580900337
MCT.f.0113	0.0803273563702	-0.185688248675	0.121452509562
MCT.f.0110	-0.00613406214728	0.035120511318	0.134439576187
MCT.f.0111	-0.00225460755304	0.0310746113466	0.160147917054
MCT.f.0116	0.244425808793	0.0114587066304	-0.250768327295
MCT.f.0104	-0.169664303152	0.147396899899	0.0137080301898
MCT.f.0114	0.132688548396	-0.257674898743	0.0116814506978
MCT.f.0115	0.132393411404	-0.239306688911	-0.0561283096304
MCT.f.0109	-0.133347518306	-0.0792645684367	0.00899709039649
MCT.f.0108	-0.25068695376	-0.0697582012263	-0.142110977675
MCT.f.0118	0.158875276681	0.226581421941	0.0413011680824
MCT.f.0119	0.141029500259	0.175797385815	0.125371797867
MCT.f.0117	0.195778758394	0.157410725164	-0.206165481628

Biplot	0	0

Site constraints	0	0
