Eigvals	3
180.028718501	129.060605581	101.505080909

Proportion explained	3
0.349785417155	0.228844264619	0.166456880649

Species	0	0

Site	13	3
MCT.f.0398	-0.108745461549	-0.109649878374	-0.00179961309781
MCT.f.0395	0.0475837147681	0.103919697563	-0.0417192113598
MCT.f.0396	0.0753826507119	0.0153249769609	-0.0332524653441
MCT.f.0397	-0.106264207938	-0.0741098036062	0.115552396356
MCT.f.0408	0.0923121971041	-0.132407003191	-0.111279380227
MCT.f.0404	-0.0488304901028	0.0394341425402	-0.0458433228352
MCT.f.0405	0.0485291638709	0.0692431974243	0.053162350536
MCT.f.0406	0.0201653393158	0.0326316432417	0.170876069497
MCT.f.0407	0.0750544340668	-0.110417984818	0.00568244665157
MCT.f.0400	0.0201523313764	0.0261779155665	-0.0608920310631
MCT.f.0399	-0.18335365547	-0.0192244290074	-0.125098373155
MCT.f.0402	-0.0258575719194	0.0797637062979	0.0227986195575
MCT.f.0403	0.0938715557654	0.0793138194023	0.0518125144843

Biplot	0	0

Site constraints	0	0
