Eigvals	3
180.028718501	129.060605581	101.505080909

Proportion explained	3
0.349785417155	0.228844264619	0.166456880649

Species	0	0

Site	13	3
MCT.f.0398	-0.192044194362	-0.105707193674	-0.0242919031702
MCT.f.0395	-0.226051508571	0.0849890447508	0.188615192774
MCT.f.0396	-0.230462181964	0.0772857464675	0.162846783894
MCT.f.0397	-0.225053168762	-0.0464806813147	0.111124194295
MCT.f.0408	0.18955407046	-0.189628004238	-0.000939607412738
MCT.f.0404	0.208774123567	0.225566489279	0.0206783848955
MCT.f.0405	0.221100675153	-0.0274716720156	0.0692242671205
MCT.f.0406	0.208282514638	-0.144941825694	0.0634909244216
MCT.f.0407	0.197527864474	-0.205789692011	0.0177003116908
MCT.f.0400	-0.153506995874	-0.0679768322004	-0.221584820321
MCT.f.0399	-0.187095809009	-0.0770319210547	-0.185146926333
MCT.f.0402	0.0187517844445	0.224786721887	-0.198238456266
MCT.f.0403	0.170222825806	0.252399819819	-0.00347834558722

Biplot	0	0

Site constraints	0	0
