Eigvals	3
119.569836972	66.3215078369	52.4158118178

Proportion explained	3
0.291283723395	0.185015436026	0.157656407188

Species	0	0

Site	14	3
MCT.f.0418	-0.0767837291668	0.112836710526	-0.0616802842565
MCT.f.0086	0.0788501112672	-0.0398289358924	-0.0252942935406
MCT.f.0412	-0.0660136841515	0.16194239145	0.0633255266893
MCT.f.0411	0.0667703780383	0.0722548927528	-0.0664336062554
MCT.f.0416	0.0466414382339	-0.101317731734	-0.0352844875059
MCT.f.0415	0.0788777094329	-0.109022034043	0.0865291747162
MCT.f.0414	0.0763346129737	-0.0373688233717	0.0345946432068
MCT.f.0422	-0.124713801954	-0.00460757026279	0.0107810087099
MCT.f.0423	0.0909928391656	-0.0755429134946	0.118010522144
MCT.f.0419	-0.0867068187042	0.104376778365	0.0262785089843
MCT.f.0421	0.0422393402554	-0.0115482107429	-0.0771117653889
MCT.f.0420	0.00845278834226	0.0771894601658	-0.130574893489
MCT.f.0424	0.00347302565563	0.0601259692764	0.086987220264
MCT.f.0425	-0.138414209388	-0.209489982996	-0.0301272742784

Biplot	0	0

Site constraints	0	0
