Eigvals	3
119.569836972	66.3215078369	52.4158118178

Proportion explained	3
0.291283723395	0.185015436026	0.157656407188

Species	0	0

Site	14	3
MCT.f.0418	0.0868061871013	0.056241562542	-0.240915341977
MCT.f.0086	0.131913410653	-0.144897439463	-0.163155412553
MCT.f.0412	0.0318676918182	0.232383399378	0.172826165556
MCT.f.0411	-0.00023096684873	0.241595908233	0.170953761271
MCT.f.0416	0.250442307733	-0.174356202169	-0.0516479107689
MCT.f.0415	0.285795586378	-0.0771726006915	0.0804542581754
MCT.f.0414	0.27386252187	0.0451695155175	0.116851979646
MCT.f.0422	-0.209071292871	-0.0657521464866	-0.0205561408808
MCT.f.0423	-0.186666458745	-0.180268010317	0.0456977238715
MCT.f.0419	-0.0537147815462	0.178897934428	-0.177550948876
MCT.f.0421	-0.209881818909	-0.0103075165339	-0.0702958777891
MCT.f.0420	-0.110743573568	0.157799637582	-0.153901573113
MCT.f.0424	-0.148898902631	-0.143895999349	0.133479898871
MCT.f.0425	-0.141479910436	-0.115438042672	0.157759418567

Biplot	0	0

Site constraints	0	0
