Eigvals	3
107.503652919	101.168337507	51.5743260658

Proportion explained	3
0.347384968567	0.27632526179	0.126970185486

Species	0	0

Site	12	3
MCT.f.0259	-0.183180381133	0.172333221002	0.186257219802
MCT.f.0265	-0.104339490498	-0.224268512869	0.0779370297137
MCT.f.0269	0.195790834816	-0.0713504788289	-0.179781149711
MCT.f.0266	-0.132324856625	-0.226669721947	0.0453033753414
MCT.f.0267	-0.0311718006968	-0.239346052169	-0.0208655957405
MCT.f.0260	-0.188385417844	0.32098909927	-0.0238836212125
MCT.f.0261	-0.191773290603	0.155514640812	-0.110370732071
MCT.f.0263	-0.152708283663	0.0353271691554	-0.130082873528
MCT.f.0264	-0.128843316801	-0.123715211304	-0.00428094954029
MCT.f.0272	0.242879061949	0.042995560921	0.196784473837
MCT.f.0271	0.356878032549	0.0960634826875	0.0165967176096
MCT.f.0270	0.31717890855	0.0621268032703	-0.0536138945

Biplot	0	0

Site constraints	0	0
