Eigvals	3
107.503652919	101.168337507	51.5743260658

Proportion explained	3
0.347384968567	0.27632526179	0.126970185486

Species	0	0

Site	12	3
MCT.f.0259	-0.0467003561683	0.0817903420698	0.0135398438603
MCT.f.0265	-0.0688779740399	-0.0452492632163	-0.0901073938049
MCT.f.0269	0.084331703226	0.0178194771349	0.0452411358952
MCT.f.0266	-0.046063818083	-0.17131247686	0.0584837363599
MCT.f.0267	0.0418383503289	0.0968552982205	0.0430270367757
MCT.f.0260	-0.0720616549064	-0.0570458540152	-0.0293208031858
MCT.f.0261	-0.0219469878132	0.112038602849	0.0354648068251
MCT.f.0263	-0.0997357915956	-0.0374737641243	-0.0583257144448
MCT.f.0264	-0.0764070183147	0.0429014609157	-0.0184538536812
MCT.f.0272	0.129207654103	-0.0613677896401	0.153853328563
MCT.f.0271	0.0349067361743	0.120707052179	-0.0438929709587
MCT.f.0270	0.141509157089	-0.0996630855132	-0.109509152203

Biplot	0	0

Site constraints	0	0
