Eigvals	3
275.273179769	131.498057109	52.1146737955

Proportion explained	3
0.506501647335	0.32028823321	0.0901938949462

Species	0	0

Site	6	3
MCT.f.0095	0.214519442999	0.304897743322	-0.11957899056
MCT.f.0094	0.0586449245807	0.380772139027	0.0811624178921
MCT.f.0091	-0.413002260343	0.00439468825592	0.109398086948
MCT.f.0089	-0.387005481982	-0.147401521451	-0.130774479508
MCT.f.0099	0.262296668065	-0.263415201462	0.157579849755
MCT.f.0098	0.26454670668	-0.279247847692	-0.0977868845271

Biplot	0	0

Site constraints	0	0
