Eigvals	3
275.273179769	131.498057109	52.1146737955

Proportion explained	3
0.506501647335	0.32028823321	0.0901938949462

Species	0	0

Site	6	3
MCT.f.0095	0.140598854902	0.146879064342	0.14681642109
MCT.f.0094	-0.0443181113815	0.225474258296	-0.0455635156895
MCT.f.0091	-0.241002831449	0.0654512857425	-0.0330882936195
MCT.f.0089	-0.144164806165	-0.101543269826	0.0612435341059
MCT.f.0099	0.157703213025	0.013694268365	0.200603686234
MCT.f.0098	0.131183681068	-0.349955606919	-0.330011832121

Biplot	0	0

Site constraints	0	0
