Eigvals	3
124.497253743	91.920402846	44.2646013789

Proportion explained	3
0.211717413204	0.162475896107	0.103070072221

Species	0	0

Site	17	3
sample11	0.0658377046527	0.137894371528	0.119762492662
sample10	0.10655728367	-0.0956555182294	-0.11507018268
sample13	-0.271058638786	-0.0623909268476	0.180731314398
sample12	-0.00449807825374	0.0290455896107	-0.157611177856
sample15	0.194803060283	-0.0619705331632	-0.0589155612697
sample14	0.163039493102	0.140756788443	-0.0335631449439
sample17	-0.0554829680753	0.0788650555672	0.151003936065
sample16	0.177585250048	-0.0201800292727	0.0801591149856
sample5	0.135680548753	-0.0546081331644	0.0213598474311
sample4	-0.165002067991	-0.240306954115	-0.122762946372
sample7	-0.265942890325	-0.0280247839817	0.144821144235
sample6	0.139846772967	0.147824458708	-0.00154538496626
sample1	0.0321325931362	-0.107088861644	0.112775998809
sample3	-0.00915849361278	-0.241265982994	-0.17184957392
sample2	0.0986596371203	-0.0652326214831	0.163227515541
sample9	-0.128399083575	0.274254983569	-0.104923844435
sample8	-0.214600123115	0.16808309747	-0.207599547684

Biplot	0	0

Site constraints	0	0
