Eigvals	3
78.5429434059	29.2820443617	24.9612495152

Proportion explained	3
0.390119511147	0.199811338614	0.167374590435

Species	0	0

Site	6	3
sample5	0.000579351680268	-0.157602067676	0.0422764656646
sample4	0.0770240627389	0.0873345570607	-0.450213915067
sample7	-0.474102868024	0.292747258167	0.0945943021778
sample6	-0.178751603878	-0.414603604075	0.019894591699
sample1	0.321335811916	0.137384249553	0.126747229514
sample2	0.253915245567	0.0547396069708	0.166701326012

Biplot	0	0

Site constraints	0	0
