Eigvals	3
78.5429434059	29.2820443617	24.9612495152

Proportion explained	3
0.390119511147	0.199811338614	0.167374590435

Species	0	0

Site	6	3
sample5	0.258628596291	-0.116666766364	0.103109979042
sample4	-0.0932621461129	0.110471063537	-0.23262864518
sample7	-0.216025189942	0.1054214148	-0.0583483528928
sample6	-0.266220080349	-0.226197233272	-0.0497349779423
sample1	0.192197586265	0.00483040573584	-0.0992288597216
sample2	0.124681233848	0.122141115563	0.336830856695

Biplot	0	0

Site constraints	0	0
