Eigvals	3
72.6579984847	58.3476277292	37.3942189511

Proportion explained	3
0.307511787817	0.235116705569	0.151604759335

Species	0	0

Site	11	3
MCT.f.0329	-0.259638963162	-0.133485732338	-0.0627234101146
MCT.f.0338	0.280325082263	-0.116711772421	0.0822386785508
MCT.f.0330	-0.248068623398	-0.191551228692	-0.0528049751802
MCT.f.0331	-0.192596379742	-0.206724640706	-0.057010844222
MCT.f.0336	0.196805429074	0.0488193285282	-0.132781680859
MCT.f.0337	0.294747723534	-0.0140304380039	-0.0192913994199
MCT.f.0334	-0.0747600316953	0.196035831683	-0.128995032873
MCT.f.0326	-0.111781906923	0.200139651382	0.252198219078
MCT.f.0327	-0.145015746389	0.207290540117	0.188249132867
MCT.f.0335	0.0644328382305	0.226176814637	-0.21167919383
MCT.f.0340	0.195550578208	-0.215958354185	0.142600506004

Biplot	0	0

Site constraints	0	0
