Eigvals	3
72.6579984847	58.3476277292	37.3942189511

Proportion explained	3
0.307511787817	0.235116705569	0.151604759335

Species	0	0

Site	11	3
MCT.f.0329	-0.0284451236186	0.107880840329	-0.0354868505258
MCT.f.0338	0.0673986415114	-0.153266116941	0.0693369483749
MCT.f.0330	-0.0864188539266	-0.117402969203	-0.118966792524
MCT.f.0331	-0.104307167811	-0.148671031814	-0.0967951804595
MCT.f.0336	0.139791174268	0.0770629795523	-0.161808804191
MCT.f.0337	0.168923824177	0.0626856536765	-0.116148764089
MCT.f.0334	-0.0918331636048	-0.0410999627415	0.0186640227315
MCT.f.0326	-0.14617599572	0.0990399620867	0.169492748127
MCT.f.0327	0.0217632816423	0.272826389017	0.0829857619813
MCT.f.0335	-0.0755742658521	-0.0592872236154	0.0376015576082
MCT.f.0340	0.134877648935	-0.0997685203454	0.151125352966

Biplot	0	0

Site constraints	0	0
