Eigvals	3
179.208237016	116.576908887	70.9233613853

Proportion explained	3
0.291617293191	0.216309192403	0.13861728652

Species	0	0

Site	15	3
MCT.f.0440	0.207073874077	0.108432758476	-0.128227917147
MCT.f.0441	0.188294647533	0.195059912574	-0.0420997678402
MCT.f.0442	0.166222974044	0.197811183457	0.0191007682565
MCT.f.0439	0.194717611246	-0.00443773646243	-0.131012288933
MCT.f.0438	0.176440780819	-0.118203611264	-0.064183983369
MCT.f.0428	-0.1050221765	0.239869725959	0.232089345484
MCT.f.0429	-0.223069164718	0.195704513405	0.045346739203
MCT.f.0431	-0.205644322365	-0.0229849662437	-0.172885717954
MCT.f.0430	-0.255220614414	0.108584094366	-0.0683561284346
MCT.f.0433	-0.11553266345	-0.183726571368	-0.0578922394832
MCT.f.0432	-0.193108401035	-0.116631028169	-0.153342246629
MCT.f.0435	0.0233573594663	-0.146473478855	0.18406090686
MCT.f.0434	-0.0511527418038	-0.159283644176	0.142127321615
MCT.f.0437	0.133713230464	-0.12938842966	0.0641108227476
MCT.f.0436	0.0589296066352	-0.164332722038	0.131164385625

Biplot	0	0

Site constraints	0	0
