Eigvals	3
179.208237016	116.576908887	70.9233613853

Proportion explained	3
0.291617293191	0.216309192403	0.13861728652

Species	0	0

Site	15	3
MCT.f.0440	0.0110746198129	-0.0882770035091	-0.0165049292725
MCT.f.0441	-0.00092721693201	0.0439878959167	0.0626993195682
MCT.f.0442	-0.0292000585252	0.0909686136382	0.0987009051749
MCT.f.0439	0.128353753497	-0.0582813686314	-0.144288233166
MCT.f.0438	-0.00625602968972	0.00229358954125	-0.0927459092801
MCT.f.0428	-0.0392018725018	0.111578524294	0.0977294392222
MCT.f.0429	-0.0104544944515	0.0657507800166	0.0679583064836
MCT.f.0431	-0.11112262284	-0.0134279484007	-0.0984849691776
MCT.f.0430	-0.101015691871	0.0724557887829	-0.0950424118911
MCT.f.0433	-0.120955303987	-0.177547336698	0.0288232558909
MCT.f.0432	-0.0106748927019	0.019495801413	-0.150905868519
MCT.f.0435	0.0233283074317	-0.0567329448698	0.0796262917418
MCT.f.0434	-0.0364694506422	0.0191905148938	0.0655858178891
MCT.f.0437	0.315514815382	-0.0280116550408	-0.064844532356
MCT.f.0436	-0.0119938619814	-0.00344325134709	0.161693517692

Biplot	0	0

Site constraints	0	0
