Eigvals	3
198.148606738	162.745212487	80.8212075601

Proportion explained	3
0.360391985756	0.2725550887	0.133604378482

Species	0	0

Site	13	3
MCT.f.0608	0.230792847814	-0.108173776038	0.0789435229921
MCT.f.0609	0.242042966874	0.0295689388705	0.0953118521064
MCT.f.0606	0.0503453254447	-0.247474938741	0.00260431474684
MCT.f.0607	0.160450750704	-0.199948363182	0.0437884562729
MCT.f.0604	-0.162881907994	-0.134672313233	-0.137265624066
MCT.f.0605	-0.0751235645145	-0.205670877786	-0.164775180815
MCT.f.0602	-0.233863420556	0.063460874104	0.0668325182488
MCT.f.0603	-0.244690447185	-0.0169855615184	-0.0571855803884
MCT.f.0600	-0.211078063159	0.105654843287	0.173925296975
MCT.f.0601	-0.244257939003	0.102061246379	0.12238965803
MCT.f.0610	0.24837942458	0.0864049131326	0.0750295830533
MCT.f.0611	0.162803204337	0.243702132348	-0.122276819859
MCT.f.0612	0.0770808226571	0.282072882376	-0.177321997297

Biplot	0	0

Site constraints	0	0
