Eigvals	3
198.148606738	162.745212487	80.8212075601

Proportion explained	3
0.360391985756	0.2725550887	0.133604378482

Species	0	0

Site	13	3
MCT.f.0608	0.0433703153929	-0.0142152842805	-0.084389468193
MCT.f.0609	0.193957963727	0.0985687409222	0.164288169421
MCT.f.0606	-0.0238893438019	-0.068075088828	0.0351204394109
MCT.f.0607	0.00954615701237	-0.0238490036009	0.0209417428719
MCT.f.0604	-0.0380932829306	-0.0377811533053	-0.0443450462357
MCT.f.0605	-0.0484230880893	-0.0724605805575	-0.0460885724381
MCT.f.0602	-0.224070244708	0.198066490839	0.125945623165
MCT.f.0603	-0.072369480447	-5.74899355233e-05	-0.0594826356417
MCT.f.0600	-0.0847372154363	-0.107294965395	0.0179866186201
MCT.f.0601	-0.0395481618298	-0.121055295003	0.0414834309861
MCT.f.0610	0.0513872882094	0.101661156392	-0.0934861568211
MCT.f.0611	0.149175912168	-0.0129022095785	-0.0257800642391
MCT.f.0612	0.0836931807335	0.0593946823311	-0.052194080906

Biplot	0	0

Site constraints	0	0
