Eigvals	3
165.741429225	108.847231758	63.2262198034

Proportion explained	3
0.413258229081	0.262682240164	0.0957946307742

Species	0	0

Site	13	3
MCT.f.0440	-0.0292012671843	-0.0451567789559	-0.00334177615773
MCT.f.0441	0.0508054999045	0.0295277007871	-0.0533866805358
MCT.f.0442	0.073081322915	0.0719128596204	-0.0888833320084
MCT.f.0439	0.0124002253893	-0.076456148207	0.140817491687
MCT.f.0438	-0.00626787590847	0.0441144154674	0.0631478559052
MCT.f.0431	-0.100233624076	0.0693975250603	0.028696145875
MCT.f.0430	-0.049027863156	0.118847895863	0.0430381941666
MCT.f.0433	-0.165283671671	-0.0631016265295	-0.0977976412719
MCT.f.0432	-0.0460656929219	0.0374107455416	0.110993283885
MCT.f.0435	0.02830719773	-0.0402349545642	-0.0722026472874
MCT.f.0434	0.0194673755114	0.0353756538599	-0.0691453911159
MCT.f.0437	0.144882632356	-0.19030129516	0.140879904165
MCT.f.0436	0.0671357411113	0.00866400721776	-0.142815407306

Biplot	0	0

Site constraints	0	0
