Eigvals	3
165.741429225	108.847231758	63.2262198034

Proportion explained	3
0.413258229081	0.262682240164	0.0957946307742

Species	0	0

Site	13	3
MCT.f.0440	0.26278184126	0.108431128554	-0.0475605183026
MCT.f.0441	0.258378537644	0.172965461882	-0.0403869238889
MCT.f.0442	0.238442419267	0.217067170055	-0.0524515342055
MCT.f.0439	0.242412431695	0.0116093960821	0.0599977658303
MCT.f.0438	0.150629059884	-0.173410917459	0.0943584445413
MCT.f.0431	-0.266639749443	0.140634449737	0.0428948984753
MCT.f.0430	-0.268508535971	0.208858501538	0.161545158715
MCT.f.0433	-0.21694586569	0.0136728272912	-0.108546194078
MCT.f.0432	-0.250050104102	0.089438377886	-0.0382343544161
MCT.f.0435	-0.0786622040414	-0.209117784773	-0.0443751715198
MCT.f.0434	-0.157560770136	-0.129346443064	-0.113612352059
MCT.f.0437	0.0889536086789	-0.227939888976	0.0789139028131
MCT.f.0436	-0.00323066904488	-0.222862278752	0.00745687809502

Biplot	0	0

Site constraints	0	0
