Eigvals	3
99.8949558097	52.9466641851	46.4328666986

Proportion explained	3
0.318610473596	0.201716729082	0.171089362701

Species	0	0

Site	11	3
MCT.f.0568	-0.0447292701368	0.0118425033502	-0.314363409084
MCT.f.0575	0.297863077853	0.153910179427	0.0239208530562
MCT.f.0567	-0.16677037184	0.0085125985863	-0.235634852384
MCT.f.0566	-0.275140353146	0.0647123897327	0.015911519135
MCT.f.0565	-0.238463018962	0.0437084418634	0.184855451539
MCT.f.0564	-0.244917747255	0.0601901131083	0.188220961113
MCT.f.0574	0.249394778701	0.228686497307	0.0497366880393
MCT.f.0578	0.0837055172797	-0.345890577458	0.0772821776148
MCT.f.0577	0.14378099346	-0.310012286281	0.0505180971128
MCT.f.0570	0.0424920463132	-0.0243209375424	-0.128001978045
MCT.f.0573	0.152784347733	0.108661077907	0.0875544919035

Biplot	0	0

Site constraints	0	0
