Eigvals	3
99.8949558097	52.9466641851	46.4328666986

Proportion explained	3
0.318610473596	0.201716729082	0.171089362701

Species	0	0

Site	11	3
MCT.f.0568	0.00739728993734	0.103851090443	-0.252142958178
MCT.f.0575	0.0626396556751	0.0518457013433	-0.0416421768462
MCT.f.0567	-0.0888806448714	0.0168827192973	0.107180821462
MCT.f.0566	-0.0727908941962	0.0664564251699	-0.017347007776
MCT.f.0565	-0.0997745731536	0.142255073892	0.0453111195451
MCT.f.0564	-0.128340929661	-0.11799887035	0.0288636381041
MCT.f.0574	0.109122327675	0.00766587198025	0.128790536639
MCT.f.0578	-0.00996089489115	-0.0191358385943	0.00308799822864
MCT.f.0577	0.223512287979	-0.18294612069	0.132065205979
MCT.f.0570	-0.0904005499148	-0.134466825228	-0.115789692037
MCT.f.0573	0.0874769254216	0.0655907727373	-0.0183774851206

Biplot	0	0

Site constraints	0	0
