Eigvals	3
426.041239417	97.5489503192	60.1221421585

Proportion explained	3
0.445531968646	0.159513246196	0.123615427857

Species	0	0

Site	10	3
sample10	-0.0919191607038	0.0325080042569	-0.0362370487877
sample13	-0.130317466255	0.0298727951239	0.00473085197262
sample12	-0.0610715691277	-0.00281763693467	-0.00582281282876
sample16	0.0890963516249	-0.156451982103	0.0498739761561
sample4	-0.0605281335742	-0.059480884921	-0.0416028618482
sample7	-0.00253142815319	-0.0744521886754	-0.0591198545363
sample1	-0.0323005117079	0.103514529567	0.122447570594
sample3	0.438281707375	0.182854577505	-0.0512831414453
sample2	-0.0476579887221	-0.014371963142	0.0924451474378
sample8	-0.101051800756	-0.0411752506761	-0.075431826714

Biplot	0	0

Site constraints	0	0
