Eigvals	3
426.041239417	97.5489503192	60.1221421585

Proportion explained	3
0.445531968646	0.159513246196	0.123615427857

Species	0	0

Site	10	3
sample10	-0.149098750789	-0.104327084482	-0.0223398354522
sample13	-0.0522738722109	0.391260388211	-0.0826016180797
sample12	-0.229952061231	0.0313875235006	-0.134162601531
sample16	-0.012803040136	-0.115215960665	-0.179280871956
sample4	-0.0685498008026	-0.12179261616	-0.130524329509
sample7	0.436644859632	-0.114080675465	0.146585540223
sample1	-0.138605145104	0.150568479919	0.307969676219
sample3	0.392604324707	0.134523015868	-0.119359688591
sample2	-0.112210879141	-0.0767972316914	0.218448982967
sample8	-0.065755634924	-0.175525839035	-0.00473525429039

Biplot	0	0

Site constraints	0	0
