Eigvals	3
195.483956017	144.53777594	104.869706598

Proportion explained	3
0.200367050159	0.158439820726	0.128920066412

Species	0	0

Site	14	3
sample11	-0.105748485338	-0.0310796368991	-0.0343946658378
sample13	0.0228825815272	-0.0423711465842	-0.0992500013432
sample15	0.00312055188357	-0.06776668938	-0.0279937693628
sample14	-0.057724502312	-0.0688794383399	-0.0360055098871
sample16	-0.0426390980294	-0.108557110917	0.168931747121
sample5	0.0106441691368	0.0359655681214	-0.0263130510215
sample4	0.0915050665755	0.0411682040892	0.0242179398578
sample7	-0.00621309978728	0.0984910746861	0.0790595149118
sample6	0.0155918948315	0.0977853659149	-0.0320728932766
sample1	0.092597437213	0.000406205136042	-0.00179788334314
sample3	0.0410652012072	-0.0222024037966	-0.021729861351
sample2	0.070431088679	0.0247836182809	0.00584283028442
sample9	-0.0799067688052	-0.00561244681357	0.00869742911056
sample8	-0.055606036782	0.0478688365023	-0.00719182586298

Biplot	0	0

Site constraints	0	0
