Eigvals	3
195.483956017	144.53777594	104.869706598

Proportion explained	3
0.200367050159	0.158439820726	0.128920066412

Species	0	0

Site	14	3
sample11	-0.0803696294731	0.0398077945974	0.320162676414
sample13	0.0413723087041	-0.128262240175	-0.057784808972
sample15	0.229189834871	0.00557213101681	-0.0345950805965
sample14	-0.339462175624	0.0112102437062	-0.117817931071
sample16	-0.105560715121	-0.175469704967	0.172974433809
sample5	-0.0710199014171	-0.168284824306	-0.155374088099
sample4	0.0936017762712	0.222700448315	-0.0620839953996
sample7	-0.185423826045	-0.0710261320893	-0.0477727436876
sample6	0.194039835599	0.0308889855626	0.130176559989
sample1	0.0307323707204	0.136465993299	0.213232549304
sample3	0.141156962994	-0.0523787670437	-0.204870492039
sample2	0.231389405033	-0.056211373623	-0.0750815437334
sample9	-0.0439325804212	-0.168039292279	0.0402903686443
sample8	-0.135713666091	0.373026737986	-0.121455904563

Biplot	0	0

Site constraints	0	0
