Eigvals	3
202.498635474	108.13186379	72.86984716

Proportion explained	3
0.3638694173	0.203074064018	0.142776620707

Species	0	0

Site	14	3
MCT.f.0107	-0.207494311548	-0.00162515850926	-0.14695631667
MCT.f.0106	-0.107117346952	0.0613190447382	0.0179344411978
MCT.f.0112	-0.0198045321209	0.0555707640002	0.00195158013398
MCT.f.0113	0.0508692382002	-0.115284421112	0.137850256752
MCT.f.0110	-0.00972731824365	-0.00837605978457	0.265722034672
MCT.f.0111	0.0357620018078	-0.215896336712	0.00709396339933
MCT.f.0116	0.0352235891443	0.0201711049805	-0.01115504748
MCT.f.0117	0.131104072281	0.0123905032986	-0.0521008741867
MCT.f.0114	0.131798832631	-0.173015373956	-0.0323569156888
MCT.f.0115	-0.00386790983395	0.085396088745	-0.0520646432495
MCT.f.0109	-0.114138171444	-0.0246097918367	-0.11184178983
MCT.f.0108	-0.210216385784	0.053193294075	-0.135565325238
MCT.f.0118	0.136197589589	0.11239052112	0.0572100945388
MCT.f.0119	0.151410652273	0.138375820953	0.0542785416492

Biplot	0	0

Site constraints	0	0
