Eigvals	3
202.498635474	108.13186379	72.86984716

Proportion explained	3
0.3638694173	0.203074064018	0.142776620707

Species	0	0

Site	14	3
MCT.f.0107	-0.269493668895	0.0708824658214	-0.0969437217207
MCT.f.0106	-0.227912714711	0.0901288216998	0.0101202767741
MCT.f.0112	0.00904656609264	-0.109479178411	0.208571613969
MCT.f.0113	0.0838370652276	-0.218210664692	0.084958048082
MCT.f.0110	-0.140550029691	-0.0441262362791	0.0692930253787
MCT.f.0111	-0.0515878683716	-0.0720403929411	0.197133412086
MCT.f.0116	0.231395038348	-0.0039494572433	-0.195314687376
MCT.f.0117	0.240190609738	0.175205246649	-0.064953681421
MCT.f.0114	0.134177174175	-0.205075759344	-0.0702011076286
MCT.f.0115	0.17659672212	-0.175123323195	-0.133071930936
MCT.f.0109	-0.237079675043	0.0164833459255	-0.0882623493125
MCT.f.0108	-0.274042441905	0.0176304657695	-0.110206325023
MCT.f.0118	0.173971957013	0.253453747212	0.0472268592777
MCT.f.0119	0.151451265903	0.204220919029	0.141650567851

Biplot	0	0

Site constraints	0	0
