Eigvals	3
116.743157314	103.956546479	60.7293911493

Proportion explained	3
0.321683679374	0.263474618462	0.126508080475

Species	0	0

Site	13	3
MCT.f.0259	-0.0431570808457	0.0915143181348	-0.0118341014185
MCT.f.0258	-0.16264037224	0.0615280845025	-0.0347112491679
MCT.f.0265	-0.0355423315727	-0.0411937455489	0.127061820033
MCT.f.0269	0.0757807484104	0.00373556267201	-0.0811726925116
MCT.f.0266	-0.0755584469416	-0.192968505034	-0.0372828032015
MCT.f.0267	0.0479816642067	0.0950496823727	-0.0689028079464
MCT.f.0260	-0.0587574121518	-0.0594581865708	0.0592774113528
MCT.f.0261	-0.00650125261151	0.119241901788	-0.0374921457612
MCT.f.0263	-0.0660879530509	-0.0331945098858	0.105103711794
MCT.f.0264	-0.0441741778688	0.051381876359	0.0497374858999
MCT.f.0272	0.123040592846	-0.0982397559805	-0.180081265458
MCT.f.0271	0.0840357719699	0.125929051937	0.0348757394594
MCT.f.0270	0.16158024985	-0.123325774746	0.0754208969261

Biplot	0	0

Site constraints	0	0
