Eigvals	3
116.743157314	103.956546479	60.7293911493

Proportion explained	3
0.321683679374	0.263474618462	0.126508080475

Species	0	0

Site	13	3
MCT.f.0259	-0.125907413718	0.262353381086	-0.00047695571701
MCT.f.0258	-0.165420497377	0.158709364371	0.0712841745825
MCT.f.0265	-0.152836501704	-0.205953606429	0.03215099448
MCT.f.0269	0.236284386034	0.000409115357718	0.179604168597
MCT.f.0266	-0.138837915992	-0.225242631085	-0.0399503585769
MCT.f.0267	-0.0584016166357	-0.242354473063	-0.0918995019665
MCT.f.0260	-0.109305422309	0.277407251689	-0.0489184009056
MCT.f.0261	-0.144193794143	0.141505857756	-0.0800083034928
MCT.f.0263	-0.107601669238	-0.0305589965117	0.106243947829
MCT.f.0264	-0.108776725547	-0.155007724823	0.100036293349
MCT.f.0272	0.169805487252	-0.0371164745	-0.23500917964
MCT.f.0271	0.315496277157	0.0350210364285	-0.0798437555717
MCT.f.0270	0.389695406222	0.0208278997239	0.0867868770328

Biplot	0	0

Site constraints	0	0
