Eigvals	3
266.368671408	152.438678599	85.5698457193

Proportion explained	3
0.256036763747	0.161668957226	0.111556332043

Species	0	0

Site	16	3
sample11	0.0587674361342	0.0474366426354	-0.121316419275
sample10	0.00676168003846	-0.0278336187669	0.0397013704567
sample13	0.032777193178	-0.0471659004042	0.0815822812199
sample12	0.0755041266157	0.0207351246457	-0.12713223819
sample15	0.0962652981609	0.0201814818059	0.0289267117442
sample14	0.0881938921971	-0.0275590473662	0.0304523420701
sample17	0.0432091007599	0.118331044558	0.0945068778676
sample16	0.0631065933596	0.0960346976491	0.0764367153873
sample5	-0.057110409673	-0.215257450694	0.0227667937598
sample4	-0.064996307182	-0.0615849667697	0.023655389617
sample7	-0.0305015155519	-0.140518783947	0.000342557454825
sample6	-0.0666764460151	-0.203003246178	0.0622065577367
sample1	-0.151822783719	0.204354071582	0.0210511069621
sample2	-0.180268390987	0.166392768145	0.00769857887618
sample9	0.104081249818	-0.0482727519306	-0.158977245212
sample8	-0.0172907171329	0.0977299350356	-0.0819013804747

Biplot	0	0

Site constraints	0	0
