Eigvals	3
420.285352838	87.8983816574	40.7863594681

Proportion explained	3
0.521904708662	0.240122538627	0.110581809812

Species	0	0

Site	8	3
MCT.f.0475	0.0591407183268	0.124811189874	-0.185790577041
MCT.f.0467	-0.0149354182291	-0.1204674721	-0.0295704714306
MCT.f.0464	0.0654639002942	-0.071481164762	0.0141951271704
MCT.f.0463	-0.494447023415	0.203355997675	0.0151686314144
MCT.f.0473	0.142063723554	0.00765638775117	0.0979113168071
MCT.f.0472	0.0998169697491	0.0523535783032	0.0213828659108
MCT.f.0468	0.0740283954069	-0.136768202182	0.0281853042959
MCT.f.0470	0.0688687343139	-0.0594603145592	0.0385178028728

Biplot	0	0

Site constraints	0	0
