Eigvals	3
420.285352838	87.8983816574	40.7863594681

Proportion explained	3
0.521904708662	0.240122538627	0.110581809812

Species	0	0

Site	8	3
MCT.f.0475	0.142250502698	0.11625178931	-0.155015222836
MCT.f.0467	0.00252735186041	-0.272840006308	-0.218500937842
MCT.f.0464	-0.356640459972	0.0859401441815	-0.0116595395419
MCT.f.0463	-0.404246199533	0.146411779652	0.0385587869808
MCT.f.0473	0.256314588553	0.234784630068	-0.051898560902
MCT.f.0472	0.214720657065	0.227064585412	0.0864000111449
MCT.f.0468	0.0522471791616	-0.368644615452	0.00467864872823
MCT.f.0470	0.092826380167	-0.168968306863	0.307436814268

Biplot	0	0

Site constraints	0	0
