Eigvals	3
139.098373931	69.7859127051	47.3697554848

Proportion explained	3
0.258027647837	0.167718540843	0.122339296622

Species	0	0

Site	15	3
MCT.f.0149	0.0454238897698	0.0860734491189	-0.0472173082859
MCT.f.0148	0.0560113323196	0.076487487838	0.0064802175882
MCT.f.0145	-0.0643890984034	0.118878094574	0.0321921621325
MCT.f.0144	-0.115474525897	0.0254499721702	0.102260402065
MCT.f.0147	0.0348459764652	-0.0242407452983	-0.0459871289879
MCT.f.0146	0.00247724128335	0.162917940297	-0.0936831426451
MCT.f.0141	-0.0912831590302	0.0322981418127	-0.0576392851542
MCT.f.0152	0.0665622719487	0.0868919645163	-0.00937331908012
MCT.f.0143	-0.0856627097035	-0.304481366306	-0.126891567428
MCT.f.0142	-0.0636998491134	-0.0337769993853	0.048149900134
MCT.f.0150	0.158995712105	-0.218263644474	0.0934244660432
MCT.f.0153	0.0950525585598	-0.128615300042	-0.027437845654
MCT.f.0151	0.157560582773	-0.000880365665625	0.0387354931547
MCT.f.0138	-0.077560384689	0.0754145550251	-0.0572894794121
MCT.f.0139	-0.118859838388	0.0458468158188	0.14427643553

Biplot	0	0

Site constraints	0	0
