Eigvals	3
139.098373931	69.7859127051	47.3697554848

Proportion explained	3
0.258027647837	0.167718540843	0.122339296622

Species	0	0

Site	15	3
MCT.f.0149	0.146694252443	-0.0870307089242	-0.197745811901
MCT.f.0148	0.148582734892	0.00108321236403	-0.16207057357
MCT.f.0145	-0.139343771428	0.245624500547	-0.078287499434
MCT.f.0144	-0.236985263836	-0.00222264823468	-0.0702448255915
MCT.f.0147	0.0993003090243	0.121511606168	-0.0628036695789
MCT.f.0146	0.00583844564318	0.183023172604	-0.163165118654
MCT.f.0141	-0.1551295694	-0.115540749913	0.16402368565
MCT.f.0152	0.141103160872	0.041970536777	0.129898814788
MCT.f.0143	-0.164567910425	-0.229835835506	-0.174939220593
MCT.f.0142	-0.195723318888	-0.26508052236	0.0483056767903
MCT.f.0150	0.25877761042	-0.196872853442	0.0455827971471
MCT.f.0153	0.0872142796389	0.116496449635	0.0506219575624
MCT.f.0151	0.235286103812	-0.055575736919	0.165056578943
MCT.f.0138	-0.142250570379	0.0933557413792	0.138287283813
MCT.f.0139	-0.0887964923892	0.149093835824	0.16747992463

Biplot	0	0

Site constraints	0	0
