Eigvals	3
124.497253743	91.920402846	44.2646013789

Proportion explained	3
0.211717413204	0.162475896107	0.103070072221

Species	0	0

Site	17	3
MCT.f.0376	-0.00748319060736	-0.00644639541584	-0.017294951768
MCT.f.0377	-0.0248276418071	-0.0558526232953	-0.0318949539982
MCT.f.0389	0.0792841589385	0.0124096055944	-0.0296795382494
MCT.f.0375	-0.0475205718913	0.00103996419933	-0.070008526372
MCT.f.0383	0.0413518504707	0.0122615565432	-0.0161851208925
MCT.f.0382	-0.0720788448737	0.0253560456859	-0.0259942008628
MCT.f.0381	0.00569119866147	-0.0201010451322	0.0522495100688
MCT.f.0380	-0.0744087329716	-0.0613983283306	0.0571491365438
MCT.f.0387	-0.0432828050643	0.0248983991095	0.0519418796928
MCT.f.0386	0.0121906333603	0.0456870989327	0.00502753491016
MCT.f.0378	0.0514870530779	-0.0237169868053	0.01326507595
MCT.f.0379	0.000511332347798	-0.0435113418549	0.0456848552383
MCT.f.0388	0.0630549794758	0.000153081182201	0.0349499632282
MCT.f.0390	0.0638070249192	0.0249885407405	0.0353784339985
MCT.f.0385	-0.0442430934993	0.01663486643	-0.0568759387589
MCT.f.0384	0.00377509475416	-0.000729151312578	-0.0519157970801
MCT.f.0391	-0.00730844529132	0.048326713729	0.00420263835131

Biplot	0	0

Site constraints	0	0
