Eigvals	3
200.296519543	176.104813804	99.3384080426

Proportion explained	3
0.208499815973	0.174190251698	0.119986365014

Species	0	0

Site	15	3
sample11	0.0514193450685	-0.0215658251591	0.0466262855627
sample10	0.00364872907258	0.0155164698499	-0.0144071516929
sample13	0.0468529609797	-0.0879096412246	0.0189381920083
sample12	0.0824071780289	-0.0483201225046	-0.172607803725
sample15	0.0639552896717	-0.0646532194171	0.00142617006829
sample14	0.109098851634	-0.0104779557277	-0.0165804680794
sample5	-0.195476107368	-0.117714249369	-0.0591487585572
sample4	-0.0236702410416	0.0710485734112	0.0125251913863
sample7	-0.00977672283132	0.0035447176855	0.0484212230938
sample6	-0.0326637176753	-0.0251222799934	0.0579168553605
sample1	0.0142381240295	0.036529512226	0.0216366858347
sample3	-0.0528694576172	0.0719853576123	0.0249301735968
sample2	-0.0269086256663	0.102493861411	-0.0246652658486
sample9	-0.0171689958622	0.0455322355329	-0.0029457272691
sample8	-0.013086610423	0.0291125656671	0.057934398261

Biplot	0	0

Site constraints	0	0
