Eigvals	3
200.296519543	176.104813804	99.3384080426

Proportion explained	3
0.208499815973	0.174190251698	0.119986365014

Species	0	0

Site	15	3
sample11	0.116132527332	-0.0259058217502	-0.122692204277
sample10	0.103595030431	0.131815995459	0.0779033595557
sample13	-0.112600166767	0.0426217585718	-0.0202658298625
sample12	0.215631827945	-0.0459317471791	-0.102596915425
sample15	0.244015438936	-0.0970645974762	-0.142115796622
sample14	0.223872949037	-0.177147157764	-0.0365813152536
sample5	-0.219936886573	0.0388698648011	-0.0577462485897
sample4	-0.214986507756	-0.197567395868	0.0503752785135
sample7	0.106860190767	0.131444403502	0.219292062108
sample6	-0.145740045719	-0.253805295766	0.222122367052
sample1	-0.208011440177	0.0574036603211	-0.102128560517
sample3	0.0414145710544	-0.0819037925097	0.188598693228
sample2	-0.18222704561	0.0137795705253	-0.271502261481
sample9	0.0720978291888	0.168186181796	0.0118584722598
sample8	-0.0401182720898	0.295204373337	0.0854788993107

Biplot	0	0

Site constraints	0	0
