Eigvals	3
116.758013266	103.916948348	60.7907356578

Proportion explained	3
0.248377606433	0.185160903498	0.128335247278

Species	0	0

Site	13	3
sample10	0.0290449041508	0.0947755047146	-0.0196654045359
sample13	0.290031368739	-0.0295225169521	-0.0239655790546
sample12	0.128595985395	-0.0533930853044	0.0126127141988
sample15	0.316909363704	0.0301518469821	0.0646601189768
sample14	0.139815078483	0.146694743292	0.269660440224
sample4	-0.112914671338	-0.20179264618	-0.0615822358343
sample7	0.117416381955	-0.228130592997	0.0650122383063
sample6	-0.0964497164656	0.166965829942	-0.142301286879
sample1	-0.362472658916	0.146646969052	0.217387471199
sample3	-0.130693099582	-0.209283822962	-0.0934181696717
sample2	-0.262222238605	-0.132351394266	0.0934145961896
sample9	-0.0447569236205	0.0885653031312	-0.178089914016
sample8	-0.0123037739	0.180673861547	-0.203724989104

Biplot	0	0

Site constraints	0	0
