Eigvals	3
116.758013266	103.916948348	60.7907356578

Proportion explained	3
0.248377606433	0.185160903498	0.128335247278

Species	0	0

Site	13	3
sample10	0.0248605103678	-0.0225752446711	0.129104295407
sample13	0.18690322385	-0.0454895187547	-0.122494552512
sample12	0.08754399408	0.0314146973594	0.0707700324468
sample15	0.189629233983	0.151262390267	0.066841086103
sample14	0.0284435098458	-0.135092705673	0.0874382041274
sample4	-0.0427342847638	-0.0405974709578	0.117724537917
sample7	-0.0711095399538	-0.0525267573506	-0.0011717207701
sample6	-0.0719895563611	-0.035795993835	-0.108672556693
sample1	-0.173135766083	0.0518016557676	0.0461352413036
sample3	-0.0464616548423	0.0126272728869	-0.096440254956
sample2	-0.0729693638744	-0.0296388613078	0.0726539348472
sample9	0.00476670733203	0.174197450449	-0.136695602468
sample8	-0.0437470135797	-0.0595869141796	-0.125192644752

Biplot	0	0

Site constraints	0	0
