Eigvals	3
118.19131481	60.5577506648	53.9662528922

Proportion explained	3
0.375829048368	0.238337250413	0.144899946188

Species	0	0

Site	13	3
MCT.f.0558	0.237832778958	-0.0197426188067	0.0555718057221
MCT.f.0557	0.10353509727	-0.138871622802	0.113590279749
MCT.f.0549	-0.147361695253	0.26105848958	0.195071732155
MCT.f.0561	0.24798572566	0.124201788381	-0.160530278563
MCT.f.0560	0.288004477534	0.0988107118282	-0.0671738802335
MCT.f.0552	-0.181693299944	0.0288981705927	-0.131695305497
MCT.f.0553	-0.180169722274	-0.057064811038	-0.120340219212
MCT.f.0559	0.269130589021	0.0430842033766	0.0115849887314
MCT.f.0551	-0.21129648091	0.147860244816	-0.0362380462849
MCT.f.0556	0.0225945879196	-0.259263681298	0.163436063992
MCT.f.0550	-0.17908748982	0.204852428161	0.0876573366098
MCT.f.0554	-0.166599901458	-0.16973987036	-0.111931621878
MCT.f.0555	-0.102874666704	-0.264083432431	0.000997144709603

Biplot	0	0

Site constraints	0	0
