Eigvals	3
118.19131481	60.5577506648	53.9662528922

Proportion explained	3
0.375829048368	0.238337250413	0.144899946188

Species	0	0

Site	13	3
MCT.f.0558	0.265873444456	0.0239199622358	0.0274791506528
MCT.f.0557	0.14240817075	0.0348555412705	-0.0123289321925
MCT.f.0549	-0.0616954185297	0.139424223301	0.0267615345102
MCT.f.0561	0.0579606898386	0.0318332511702	-0.0131111593938
MCT.f.0560	0.114290515616	0.00900864854619	0.00711182705687
MCT.f.0552	-0.00113124110254	0.00630466010768	-0.170558101937
MCT.f.0553	-0.0824155781361	-0.0588458038497	-0.192738336331
MCT.f.0559	0.0844008859187	-0.0442857936379	0.0931719327522
MCT.f.0551	-0.205358406182	0.0614479823955	0.0460168990794
MCT.f.0556	0.10413797238	-0.068204907021	-0.0719376459898
MCT.f.0550	-0.0859085313786	0.160667745375	0.141334077883
MCT.f.0554	-0.131641518147	-0.0339817963756	-0.0380296582555
MCT.f.0555	-0.200920985484	-0.262143713517	0.156828412164

Biplot	0	0

Site constraints	0	0
