Eigvals	3
100.554126009	68.7006354853	56.2745724942

Proportion explained	3
0.233287492141	0.167378508391	0.124595680496

Species	0	0

Site	13	3
sample11	0.0324936100166	0.0416006952157	-0.0494393633582
sample10	-0.0413400142802	0.0136435474257	-0.0478906598016
sample13	-0.0707685705444	0.0208980890111	0.0824271741507
sample12	-0.0923150565343	-0.078028045282	0.0791184788656
sample5	-0.00496239408358	-0.0226347533928	-0.000998684319165
sample4	0.151216688576	-0.0425720101109	-0.0544567796166
sample7	-0.0540080736267	0.0268162368702	-0.0648315370598
sample6	0.107788957809	-0.131521295851	-0.0877702360359
sample1	0.0025029344334	0.0676414369756	0.00876367711198
sample3	0.0526635590652	-0.0962490283574	0.130933311161
sample2	0.06190658998	0.162006734416	0.0714147173604
sample9	-0.105287643128	0.028037575872	0.0106664243127
sample8	-0.0398905876837	0.0103608172068	-0.0779365227712

Biplot	0	0

Site constraints	0	0
