Eigvals	3
100.554126009	68.7006354853	56.2745724942

Proportion explained	3
0.233287492141	0.167378508391	0.124595680496

Species	0	0

Site	13	3
sample11	-0.0730113238151	0.225458974939	0.191372835364
sample10	-0.102530451765	0.259872677688	-0.122087469481
sample13	-0.0653403374907	-0.231305275632	0.177654479575
sample12	-0.141619605808	-0.21093463544	0.153490234661
sample5	0.203728214059	-0.0417544742683	0.0240268891676
sample4	0.367380279645	-0.0111783354681	-0.00716181627488
sample7	-0.135303365178	-0.172800017568	-0.155157375007
sample6	-0.00675058984694	-0.123901805995	-0.132839303051
sample1	0.289345848433	0.111656077522	0.0161583697416
sample3	-0.156789617293	0.211745995559	0.153522498373
sample2	0.181806514086	-0.0346008733884	-0.0777362701861
sample9	-0.15973769053	-0.0659128806642	-0.00808025439043
sample8	-0.201177874496	0.0836545727143	-0.213162818492

Biplot	0	0

Site constraints	0	0
