Eigvals	3
128.73418624	75.4068143731	61.8607285984

Proportion explained	3
0.212272581291	0.141933561411	0.118457404446

Species	0	0

Site	15	3
sample11	0.0747714424728	0.0309857206813	-0.0196143353894
sample10	0.0510767578225	-0.0157052904613	-0.0589440175884
sample13	-0.00590258678545	0.0601518010678	-0.0383854950245
sample12	0.0962130662768	0.0842909362823	-0.0689637135684
sample15	0.0257293967322	0.0261004407849	-0.0152864796107
sample14	0.0421044155933	0.030594031972	-0.048672182384
sample5	-0.0543631857961	-0.0458727151499	0.0778547493564
sample4	-0.00214260082492	0.0206472895051	0.0910392287493
sample7	-0.00747130716492	-0.0919079796051	-0.051235428011
sample6	0.0407594708155	-0.0702474513915	-0.0527819877966
sample1	-0.0964739838373	0.0725437470816	0.0281581540765
sample3	0.0333187348666	-0.022804493717	0.0673384332793
sample2	-0.0038421890181	0.0225462740486	0.106797439396
sample9	-0.17276397886	-0.0187612231208	-0.0299786347605
sample8	-0.0210134522929	-0.082561087978	0.0126742692762

Biplot	0	0

Site constraints	0	0
