Eigvals	3
128.73418624	75.4068143731	61.8607285984

Proportion explained	3
0.212272581291	0.141933561411	0.118457404446

Species	0	0

Site	15	3
sample11	0.232832863457	0.0747105550276	-0.195921087093
sample10	0.136541307537	0.0428540132259	0.118117239334
sample13	-0.204173801112	0.107499373186	-0.00389091673267
sample12	0.264371372255	0.0461698856485	-0.138336976354
sample15	0.122555615092	-0.225018309115	0.196106841861
sample14	-0.102262329789	0.0961081020752	-0.0165849909243
sample5	0.069913547778	0.239659198223	-0.0893450537082
sample4	-0.0558277368683	0.0923853687429	0.11520209712
sample7	-0.170265565337	-0.103864315318	-0.190306765593
sample6	-0.236284786303	-0.109519866668	-0.0795789338076
sample1	-0.0139706442924	0.145385105667	0.10820337293
sample3	-0.147650195205	0.152831168343	0.120472043402
sample2	0.0369094203732	-0.133059190165	0.236817809565
sample9	-0.152674132933	-0.246858188903	-0.137859783023
sample8	0.219985065348	-0.17928289997	-0.0430948969753

Biplot	0	0

Site constraints	0	0
