Eigvals	3
236.726990117	117.881105431	102.062426698

Proportion explained	3
0.264724674888	0.148140756334	0.13223509507

Species	0	0

Site	13	3
sample11	0.247875989452	0.0290287258865	-0.0447614208588
sample10	0.199493337815	-0.00208221941503	0.0971817412759
sample13	0.0800847837143	-0.121298932866	-0.164677838492
sample12	0.104962767385	0.188539511349	-0.184117158614
sample5	0.0860803777386	-0.382958425632	0.152187049811
sample4	-0.229584064078	0.0727620585171	0.0114008146372
sample7	-0.0774951424178	-0.143130913348	-0.270722803471
sample6	0.221668519689	0.178979546837	0.0272670216037
sample1	-0.195520334403	-0.0641225057172	0.136477230811
sample3	-0.275567982314	-0.0145907603401	-0.162456049799
sample2	-0.246511686825	0.105562443207	0.161823851313
sample9	0.156782222224	0.0113187801539	0.113058179115
sample8	-0.0722687879802	0.141992691369	0.127339382668

Biplot	0	0

Site constraints	0	0
