Eigvals	3
236.726990117	117.881105431	102.062426698

Proportion explained	3
0.264724674888	0.148140756334	0.13223509507

Species	0	0

Site	13	3
sample11	0.0680282501457	-0.0120454061219	-0.0498030396693
sample10	0.0470887142073	0.0495653789607	-0.0822883467996
sample13	0.0606225085325	-0.0711576141727	0.0213540930049
sample12	0.0580657905852	0.0182790283989	0.0438476914618
sample5	-0.011469723893	-0.00202084995021	0.0390746955324
sample4	-0.0160729995386	0.0481021949567	-0.00542913999954
sample7	-0.00345636492545	0.0844901702847	-0.10287083405
sample6	-0.0334072913525	-0.0541921821124	0.0484036794758
sample1	-0.0362329945309	-0.0769174593902	0.0386444362237
sample3	-0.123466308494	-0.0759533561159	0.00759589280003
sample2	-0.0611880266141	0.0545811410685	0.0752398965959
sample9	0.021689534697	0.0532037216716	0.0668142850357
sample8	0.0297989111811	-0.0159347674777	-0.100583309611

Biplot	0	0

Site constraints	0	0
