Eigvals	3
176.618700143	62.3790165769	36.5035471898

Proportion explained	3
0.314665012423	0.160478970791	0.118791869096

Species	0	0

Site	11	3
sample11	-0.0206488401173	-0.0584862207089	-0.228539715399
sample10	0.134616094312	0.246985508593	0.298647901684
sample13	0.294083185103	0.0971843911373	-0.000865568914907
sample12	0.248733474699	-0.012135545142	-0.10864964029
sample5	-0.205031659928	0.283358388987	-0.0816466256919
sample6	-0.267726257861	-0.225177908994	0.214192684793
sample1	-0.0995486027636	-0.0599559090819	0.213098962992
sample3	-0.232650226664	0.0742064377812	-0.210900020504
sample2	-0.0503597878729	0.114153084323	-0.0305410794017
sample9	0.109828605572	-0.205748622111	-0.0321999260546
sample8	0.0887040155191	-0.254383604783	-0.032596973212

Biplot	0	0

Site constraints	0	0
