Eigvals	3
176.618700143	62.3790165769	36.5035471898

Proportion explained	3
0.314665012423	0.160478970791	0.118791869096

Species	0	0

Site	11	3
sample11	-0.0683782301854	-0.0333708888799	0.0736375592686
sample10	-0.0276331431587	0.0382667339819	0.0564803238103
sample13	0.0958830301591	-0.0316595762204	0.0184075888226
sample12	0.0247354029777	0.0556156712799	0.0164782260939
sample5	-0.0520455384226	0.0593127286902	0.0393788018418
sample6	-0.0645747193797	-0.0104809456977	0.0814856498126
sample1	0.102390802241	-0.0417050377807	-0.0796445303391
sample3	0.0135121810336	-0.0198262771474	-0.0864447549214
sample2	0.00404046747982	-0.00746271823284	-0.0841791249558
sample9	0.0349977436697	0.0350342759544	-0.00159291665869
sample8	-0.0629279964144	-0.0437239659474	-0.0340068227749

Biplot	0	0

Site constraints	0	0
