Eigvals	3
220.838201893	120.408847657	65.0714471763

Proportion explained	3
0.413803422834	0.276531701945	0.140123199435

Species	0	0

Site	11	3
MCT.f.0538	-0.0482696800235	-0.252864689198	0.0146379677388
MCT.f.0539	0.0308683028121	-0.262751768117	0.0815199991813
MCT.f.0532	-0.185951764075	0.215854835775	0.230870935094
MCT.f.0533	-0.241274362845	0.212095642858	0.0781193293869
MCT.f.0534	-0.190351364754	0.0971020262848	-0.0878333186284
MCT.f.0535	-0.168184106679	0.00249417454081	-0.163966924841
MCT.f.0536	-0.144907721876	-0.0885166836721	-0.218662753429
MCT.f.0541	0.273693096126	-0.0449952165146	0.069907138179
MCT.f.0540	0.0343695546145	-0.232053499827	0.118528834648
MCT.f.0543	0.312773292929	0.147855045034	-0.0739997430632
MCT.f.0544	0.327234753771	0.205780132837	-0.0491214642662

Biplot	0	0

Site constraints	0	0
