Eigvals	3
220.838201893	120.408847657	65.0714471763

Proportion explained	3
0.413803422834	0.276531701945	0.140123199435

Species	0	0

Site	11	3
MCT.f.0538	-0.000892074116181	-0.246356897775	0.154943141772
MCT.f.0539	0.0429122520975	-0.296390315637	-0.0105462585306
MCT.f.0532	-0.0703180195682	0.193511065841	0.0839498061255
MCT.f.0533	-0.318054543624	0.211387358733	0.143715406682
MCT.f.0534	-0.271272385177	0.0485317520758	-0.0811654932519
MCT.f.0535	0.0515005102972	0.12993650139	-0.0159958304731
MCT.f.0536	-0.00501149947269	-0.0690561733255	-0.207597737262
MCT.f.0541	0.141113172904	0.0519522781537	0.056595150742
MCT.f.0540	0.0456501145559	-0.111964627133	-0.0156420149618
MCT.f.0543	0.162610212277	0.0488996773928	-0.108734039692
MCT.f.0544	0.221762259827	0.0395493802839	0.000477868850479

Biplot	0	0

Site constraints	0	0
