Eigvals	3
168.768015162	112.186092888	65.7003164877

Proportion explained	3
0.357622479953	0.246907099849	0.122259923702

Species	0	0

Site	14	3
MCT.f.0440	0.232011518044	0.114645131652	-0.103011040396
MCT.f.0441	0.210180062258	0.211936695683	-0.0143334323342
MCT.f.0442	0.174780429363	0.208535992497	0.0474856937647
MCT.f.0439	0.236232352197	0.0469753105625	-0.0838899925908
MCT.f.0438	0.181753431205	-0.0858175791939	0.0394611006768
MCT.f.0429	-0.235891968749	0.199404202995	0.185198301283
MCT.f.0431	-0.243197956386	0.0780113406426	-0.041984017972
MCT.f.0430	-0.266660633874	0.138009587398	0.0584600199389
MCT.f.0433	-0.16296763604	-0.0872452253506	-0.213853134356
MCT.f.0432	-0.211946845611	-0.00642907726053	-0.118766638327
MCT.f.0435	-0.0138247310983	-0.204286541683	0.0888120005436
MCT.f.0434	-0.0720780896475	-0.212633751826	-0.0509626052449
MCT.f.0437	0.107042901828	-0.190990775426	0.105105886587
MCT.f.0436	0.0645671665111	-0.210115310688	0.102277858427

Biplot	0	0

Site constraints	0	0
