Eigvals	3
168.768015162	112.186092888	65.7003164877

Proportion explained	3
0.357622479953	0.246907099849	0.122259923702

Species	0	0

Site	14	3
MCT.f.0440	0.00517777662251	-0.0418113337681	-0.0460909125894
MCT.f.0441	-0.0130578823772	-0.00621344944983	0.0658195519005
MCT.f.0442	-0.0406315807447	0.00400027103971	0.107572889849
MCT.f.0439	0.12229923205	0.0237433049433	-0.0946755407287
MCT.f.0438	0.00947107778397	0.0643833446431	-0.0318502262607
MCT.f.0429	-0.0206256233868	0.00651301897133	0.0812003221932
MCT.f.0431	-0.0743559544635	0.0602425471334	-0.0692650389054
MCT.f.0430	-0.0624289821411	0.107838147425	-0.0236417837116
MCT.f.0433	-0.113265162047	-0.11382280168	-0.0947724092744
MCT.f.0432	0.0166499144902	0.089607273323	-0.0780060007867
MCT.f.0435	-0.00108814829655	-0.0697309260157	0.0363544601226
MCT.f.0434	-0.0423183804466	-0.0130384652904	0.054528338858
MCT.f.0437	0.255686840623	-0.0392732041708	-0.0211286306511
MCT.f.0436	-0.0415131276651	-0.0724377271042	0.113954979984

Biplot	0	0

Site constraints	0	0
