Eigvals	3
127.357087088	66.5880192833	44.6353232225

Proportion explained	3
0.377928861551	0.225291693298	0.151102911496

Species	0	0

Site	10	3
MCT.f.0255	0.142232373754	-0.286572434392	0.0750867049615
MCT.f.0247	0.0981672857253	0.107304429071	-0.267536207075
MCT.f.0244	-0.261486010074	-0.0195135420953	-0.0927650415902
MCT.f.0245	-0.166581863866	-0.0184974853954	-0.240136285357
MCT.f.0242	-0.281311369767	0.0318308441038	0.203215740778
MCT.f.0243	-0.329738427293	0.0117056220742	0.105148902378
MCT.f.0252	0.208083275571	-0.0364714747988	0.0274499955458
MCT.f.0249	0.205189259947	0.246521338638	0.0847258915298
MCT.f.0254	0.194759967588	-0.298137902258	0.0197403894242
MCT.f.0250	0.190685508415	0.261830605052	0.0850699094059

Biplot	0	0

Site constraints	0	0
