Eigvals	3
127.357087088	66.5880192833	44.6353232225

Proportion explained	3
0.377928861551	0.225291693298	0.151102911496

Species	0	0

Site	10	3
MCT.f.0255	0.139131169074	-0.184262260416	0.104901770083
MCT.f.0247	0.0938899808248	0.13388524088	-0.13766252048
MCT.f.0244	-0.301994889652	0.0624565142897	0.139504162053
MCT.f.0245	-0.131693015453	-0.0777553588791	-0.0216807398735
MCT.f.0242	-0.174753465841	-0.14412180971	0.0192274968233
MCT.f.0243	-0.159588293506	0.0554948903439	-0.162055193601
MCT.f.0252	0.142192304366	0.00546269666791	0.0534450486715
MCT.f.0249	0.210705074187	0.119019523323	-0.13213745788
MCT.f.0254	0.0518491754222	-0.131894632063	-0.0149886987668
MCT.f.0250	0.130261960578	0.161715195564	0.151446132971

Biplot	0	0

Site constraints	0	0
