Eigvals	3
90.4983647445	60.1232137527	52.814889146

Proportion explained	3
0.236465872515	0.166443502085	0.14905541751

Species	0	0

Site	12	3
sample10	-0.017073712589	-0.023526094409	-0.138937496085
sample13	-0.151226774677	0.196974354617	0.063739076302
sample12	-0.0204168163705	0.0634835410552	-0.149928496697
sample5	0.0640303746493	-0.0040152122075	-0.0372815624689
sample4	0.0780858642443	0.028070814912	0.00959283510939
sample7	-0.0576476781376	-0.108711831391	0.0936774162922
sample6	-0.169653126349	-0.109883318834	0.0618641544461
sample1	0.106552250119	0.0199886822496	0.129176910993
sample3	0.109999185007	0.000392920882014	-0.0663271161243
sample2	0.106204081312	0.0229305512341	-0.0096037906006
sample9	0.0109662656217	-0.0797332861875	-0.0309291501708
sample8	-0.0598199128302	-0.0059711219206	0.0749572190034

Biplot	0	0

Site constraints	0	0
