Eigvals	3
90.4983647445	60.1232137527	52.814889146

Proportion explained	3
0.236465872515	0.166443502085	0.14905541751

Species	0	0

Site	12	3
sample10	0.184181038146	-0.150189821845	-0.0314378392173
sample13	-0.194550421697	0.297169331843	0.0884355258859
sample12	0.114025812844	-0.0785062986741	-0.150945840176
sample5	-0.22226252445	-0.00475432028665	-0.160412796729
sample4	-0.0918718043173	-0.154250367404	-0.0230174302191
sample7	0.00133511290326	-0.16888774707	-0.194849136967
sample6	-0.357022328577	-0.197479396274	0.234470580297
sample1	0.179888515764	0.134089457236	0.134986659777
sample3	0.190743225786	0.133069267092	0.0456569531469
sample2	0.207246443573	-0.0363808038797	-0.00117748816109
sample9	-0.121017671267	0.25077128042	-0.205327032869
sample8	0.109304601292	-0.0246505811586	0.263617845232

Biplot	0	0

Site constraints	0	0
