Eigvals	3
330.707053338	180.650136768	54.768343239

Proportion explained	3
0.384944381856	0.225350973888	0.113607108623

Species	0	0

Site	13	3
MCT.f.0620	-0.118911130607	-0.202731313797	-0.133106674204
MCT.f.0621	0.0122143814732	-0.135390923151	-0.225226747965
MCT.f.0622	0.131971543104	0.0301066091512	-0.201820355762
MCT.f.0623	0.208405623389	0.0512905431618	-0.102809046307
MCT.f.0619	-0.238819130893	-0.214122882741	0.0647491364292
MCT.f.0618	-0.276629333908	-0.0766457679286	0.0750157430934
MCT.f.0627	0.246414055374	-0.0848779398333	0.19195507792
MCT.f.0615	-0.123397748972	0.27576448725	0.019134080473
MCT.f.0617	-0.247907104758	0.0818854127123	0.0380660679245
MCT.f.0616	-0.15124971761	0.281244327544	0.0156577611684
MCT.f.0628	0.11900542651	-0.109172497706	0.202568064789
MCT.f.0624	0.202909973251	0.087823627095	-0.0237342562418
MCT.f.0625	0.235993163645	0.0148263182433	0.0795511486822

Biplot	0	0

Site constraints	0	0
