Eigvals	3
330.707053338	180.650136768	54.768343239

Proportion explained	3
0.384944381856	0.225350973888	0.113607108623

Species	0	0

Site	13	3
MCT.f.0620	0.0687921250606	0.0570452076874	-0.0976431828936
MCT.f.0621	-0.019121895668	-0.00863559106815	-0.0263211666605
MCT.f.0622	0.0170928381937	-0.0699902597437	-0.0295044156149
MCT.f.0623	0.0468926636191	0.036697746561	-0.078008007321
MCT.f.0619	-0.133181112032	-0.0170173731002	0.0986640077892
MCT.f.0618	0.0268076676303	-0.0155379333295	-0.0424109999843
MCT.f.0627	0.123072923401	-0.104748579535	0.219160326485
MCT.f.0615	0.0237050763723	0.00458516871196	-0.0485928889668
MCT.f.0617	-0.114883928754	-0.0470144471518	0.0759723092613
MCT.f.0616	-0.0613766383503	0.0618095289303	0.0395248733206
MCT.f.0628	-0.00514252758557	0.0346286508655	-0.0314977173657
MCT.f.0624	0.0619971143175	0.0932687555202	-0.0519277811643
MCT.f.0625	-0.0346543062044	-0.0250908743476	-0.0274153568851

Biplot	0	0

Site constraints	0	0
