Eigvals	3
186.789294657	76.5549390002	46.4912923331

Proportion explained	3
0.304364962206	0.165061240481	0.122182394472

Species	0	0

Site	11	3
sample10	-0.053060454892	0.110159381591	0.182157045226
sample12	-0.183161524526	0.088867684872	0.18473812995
sample15	-0.138343066355	0.169001729761	-0.23516445768
sample14	0.304985880769	-0.00674700811426	0.141528069715
sample5	-0.202213139276	0.149155331142	0.163471826709
sample4	0.0190237366433	-0.28322334545	-0.09518665092
sample7	0.377768812305	-0.00212703904632	0.0936492104723
sample1	-0.144295114868	-0.0446375189973	-0.0380384058852
sample3	-0.0792492748806	-0.231093044291	-0.12519192803
sample2	-0.0686999615213	-0.214830814736	0.0111548448491
sample9	0.167244106602	0.26547464327	-0.283117684406

Biplot	0	0

Site constraints	0	0
