Eigvals	3
186.789294657	76.5549390002	46.4912923331

Proportion explained	3
0.304364962206	0.165061240481	0.122182394472

Species	0	0

Site	11	3
sample10	0.00679009578184	0.104267798915	0.113017638115
sample12	0.00984200432749	0.0978651197208	0.0243365579022
sample15	-0.0668427698064	0.128732298616	-0.0559256419416
sample14	-0.0172785265603	0.0505345644866	-0.0542683943163
sample5	-0.0336925389654	-0.0462803220599	-0.0508584082352
sample4	-0.099703926506	-0.105155473148	0.0288001448224
sample7	0.128139025999	0.0423471707326	-0.00476346531234
sample1	-0.052907189723	-0.223574610001	0.100386571227
sample3	0.0594500222208	-0.0966368129732	-0.0219808649366
sample2	-0.0765832051988	-0.0463413291685	-0.0921837326397
sample9	0.142787008431	0.0942415948802	0.0134395953155

Biplot	0	0

Site constraints	0	0
