Eigvals	3
275.333194628	131.527220849	52.2663649532

Proportion explained	3
0.421071279581	0.240973379978	0.158177940254

Species	0	0

Site	6	3
sample11	0.0856235713189	0.185592083081	0.389092307225
sample10	0.241928078979	-0.400756088725	0.0193587200263
sample7	0.166105754375	-0.000505984624961	-0.258879520574
sample6	-0.374437227411	0.0988145135268	-0.197511513177
sample1	-0.353505562568	-0.154424703354	0.136417240463
sample3	0.234285385306	0.271280180096	-0.0884772339633

Biplot	0	0

Site constraints	0	0
