Eigvals	3
275.333194628	131.527220849	52.2663649532

Proportion explained	3
0.421071279581	0.240973379978	0.158177940254

Species	0	0

Site	6	3
sample11	0.107335514203	0.133551799358	0.122603907459
sample10	0.148353446357	-0.38327097225	0.0086990442559
sample7	0.0967838616	0.182170205636	0.01421441236
sample6	-0.0352590069861	0.106372038504	-0.157310820919
sample1	-0.122608920989	-0.0391806569266	0.0843723395624
sample3	-0.194604894186	0.000357585679255	-0.0725788827182

Biplot	0	0

Site constraints	0	0
