Eigvals	3
77.7193655441	70.4707726114	37.5763557566

Proportion explained	3
0.211730683392	0.18491162369	0.121534786301

Species	0	0

Site	12	3
sample11	-0.0200678968599	-0.0257761062474	-0.0557733933661
sample13	0.0240769518568	-0.0621184715005	0.154639650387
sample12	-0.00125867216485	-0.0170852699526	-0.0636887570511
sample15	0.122919505697	-0.00510465102123	-0.0553087449281
sample14	0.0487706343894	-0.0309396879002	0.142518777116
sample17	0.148799301208	0.0713270774458	-0.02527735111
sample4	-0.0843786600107	0.130000936437	0.122310149523
sample7	0.000635141082812	-0.131668345612	-0.0455021944734
sample6	-0.0507727912736	-0.00381533814835	0.0632810937719
sample3	-0.102527421501	0.114470982339	-0.073898675759
sample2	-0.0978691873067	0.0947612267493	-0.0921109306042
sample8	0.0116730948828	-0.134052352588	-0.0711896235057

Biplot	0	0

Site constraints	0	0
