Eigvals	3
77.7193655441	70.4707726114	37.5763557566

Proportion explained	3
0.211730683392	0.18491162369	0.121534786301

Species	0	0

Site	12	3
sample11	-0.213981208544	-0.110241805666	-0.0578128159995
sample13	0.114312019578	0.13225303601	0.0101011599815
sample12	0.130366590731	0.200308676536	-0.198461065115
sample15	0.228171425495	-0.0196312970267	0.173423931794
sample14	0.212951924068	0.0532240866069	0.290266972769
sample17	0.216000605284	-0.15372476262	-0.0782449508271
sample4	-0.160606092625	-0.204765026312	0.0156518032059
sample7	-0.101173479451	-0.218092557678	-0.0607149439628
sample6	-0.226531072156	0.1561812832	0.0868149027696
sample3	-0.0332738822141	0.258127508334	-0.231900153998
sample2	-0.274376732964	0.102814672806	0.181209725322
sample8	0.108139902798	-0.196453814191	-0.130334565939

Biplot	0	0

Site constraints	0	0
