	PD_whole_tree	shannon	chao1	simpson	observed_otus
MCT.f.0070	82.0	3.344483101	17.0	0.870557857614	17.0
MCT.f.0071	64.0	2.61204828522	13.0	0.739851578263	12.0
MCT.f.0072	75.0	3.26410376798	15.0	0.849599200013	15.0
MCT.f.0073	44.0	2.3705262745	8.0	0.752894775209	8.0
MCT.f.0074	74.0	3.26284783775	15.0	0.867529154519	15.0
MCT.f.0260	69.0	3.41732074676	14.0	0.893739467173	14.0
MCT.f.0449	76.0	3.33154821127	16.3333333333	0.873784722222	16.0
MCT.f.0512	98.0	3.69906609172	19.0	0.908717262944	19.0
MCT.f.0562	88.0	3.50046849617	19.0	0.881129481893	19.0
MCT.f.0563	77.0	3.35802892888	15.0	0.878222740788	15.0
MCT.f.0564	106.0	3.84784379921	22.0	0.910657236654	22.0
MCT.f.0566	81.0	3.35017290012	15.0	0.883378339558	15.0
MCT.f.0598	84.0	3.54223212341	18.0	0.891652200612	18.0
MCT.f.0120	104.0	3.88859897228	24.5	0.911151050056	23.0
MCT.f.0121	108.0	3.88358278391	23.5	0.910425275482	23.0
MCT.f.0122	111.0	4.01657940829	23.0	0.917747746811	23.0
MCT.f.0123	102.0	3.84671242567	22.5	0.90867716371	22.0
MCT.f.0124	139.0	4.37375216462	33.25	0.934429065744	33.0
MCT.f.0125	106.0	4.12016165214	23.0	0.935605389639	23.0
MCT.f.0392	49.0	1.71471149298	9.0	0.507580889339	9.0
MCT.f.0393	74.0	3.24346502532	15.0	0.85911273351	15.0
MCT.f.0394	72.0	3.25086239138	15.0	0.853501365259	15.0
MCT.f.0396	56.0	2.8518183962	12.0	0.831240121321	11.0
MCT.f.0398	81.0	3.60096064808	17.0	0.899467400758	17.0
MCT.f.0477	105.0	3.80344856685	21.5	0.914543182765	21.0
MCT.f.0478	77.0	3.65738355371	15.0	0.912674250921	15.0
MCT.f.0479	74.0	3.35053025369	15.0	0.873257291169	15.0
MCT.f.0480	71.0	3.02412906341	13.0	0.82448442888	13.0
MCT.f.0481	67.0	3.34387192604	14.0	0.87946938285	14.0
MCT.f.0579	33.0	2.23227969891	6.0	0.75637755102	6.0
MCT.f.0580	61.0	2.90091953918	11.0	0.845247813411	11.0
MCT.f.0581	66.0	3.19605467747	13.0	0.85445069323	13.0
MCT.f.0582	57.0	3.19184535674	10.0	0.882305525978	10.0
MCT.f.0583	47.0	2.7817086524	8.0	0.83890990463	8.0
MCT.f.0584	63.0	3.07386238171	12.5	0.866986360056	12.0
MCT.f.0585	49.0	2.74053641185	9.0	0.826962142198	9.0
MCT.f.0154	66.0	3.03596781722	13.0	0.861303007759	13.0
MCT.f.0155	86.0	3.54002470786	18.0	0.892002770526	18.0
MCT.f.0156	83.0	3.14173974211	16.0	0.849365950293	16.0
MCT.f.0158	60.0	2.92256934592	12.0	0.828710231576	12.0
MCT.f.0160	54.0	2.82002378621	10.0	0.818725235223	10.0
MCT.f.0240	63.0	3.13546190982	13.5	0.871368700541	13.0
MCT.f.0241	65.0	3.36491796716	14.0	0.877150752115	14.0
MCT.f.0242	65.0	3.32061996342	14.0	0.870371820642	14.0
MCT.f.0324	89.0	3.55198278084	17.5	0.894120597199	17.0
MCT.f.0358	82.0	3.62328273086	16.0	0.899880953059	16.0
MCT.f.0360	89.0	3.77362146538	17.0	0.91606000384	17.0
MCT.f.0361	94.0	3.66856512122	19.5	0.897619452061	19.0
MCT.f.0363	62.0	3.12204726339	12.0	0.869152831955	12.0
MCT.f.0417	49.0	2.41284644621	10.0	0.713400982358	10.0
MCT.f.0443	95.0	3.72677849616	19.0	0.907233930756	19.0
MCT.f.0444	131.0	4.09726716924	40.0	0.921782704851	30.0
MCT.f.0445	76.0	2.41792844583	21.0	0.69051883083	15.0
MCT.f.0446	107.0	3.60589287694	24.0	0.872298370577	24.0
MCT.f.0447	129.0	3.94439417598	27.25	0.913731622204	27.0
MCT.f.0448	105.0	3.84327491959	22.0	0.913870375457	22.0
MCT.f.0616	55.0	2.2075938353	10.0	0.704507412272	10.0
MCT.f.0617	78.0	3.12533615991	18.0	0.867382115156	15.0
MCT.f.0069	44.0	2.57303754398	8.0	0.809336540751	8.0
MCT.f.0239	57.0	3.13869307201	12.0	0.865460356405	12.0
MCT.f.0245	79.0	3.36929031119	16.0	0.878022704155	16.0
MCT.f.0460	97.0	3.6040691175	19.0	0.882198585822	19.0
MCT.f.0461	66.0	3.31252938101	13.0	0.874341510723	13.0
MCT.f.0463	52.0	2.89694729122	9.0	0.844203954214	9.0
MCT.f.0465	35.0	2.33040985109	6.0	0.782438901487	6.0
MCT.f.0533	50.0	2.93574974051	9.0	0.848460827058	9.0
MCT.f.0534	96.0	3.49179447836	18.5	0.894194566389	18.0
MCT.f.0001	97.0	3.80823631949	18.0	0.918374881853	18.0
MCT.f.0002	105.0	3.86550920948	21.5	0.917845846956	21.0
MCT.f.0003	108.0	3.81914178815	23.0	0.914975023913	22.0
MCT.f.0004	124.0	4.24603013487	31.0	0.935689090451	29.0
MCT.f.0005	134.0	4.02308958377	29.0	0.922409490536	27.0
MCT.f.0007	118.0	3.9593734	28.5	0.919587551796	27.0
MCT.f.0205	93.0	3.50873903498	20.5	0.888745994265	20.0
MCT.f.0207	78.0	3.07014811027	15.3333333333	0.852043036272	15.0
MCT.f.0208	56.0	3.15745440012	11.0	0.875796931322	11.0
MCT.f.0211	83.0	3.50760273852	16.0	0.899482231247	16.0
MCT.f.0256	106.0	3.96285860959	21.3333333333	0.925366181875	21.0
MCT.f.0257	81.0	3.30449522544	16.0	0.85854058831	16.0
MCT.f.0258	92.0	3.85623269091	18.0	0.923814130941	18.0
MCT.f.0259	91.0	3.43493401262	18.0	0.858269896194	18.0
MCT.f.0261	92.0	3.73198309164	19.0	0.909567474048	19.0
MCT.f.0614	82.0	3.53519831213	18.0	0.892382803462	17.0
MCT.f.0138	82.0	3.5246252236	15.0	0.90048	15.0
MCT.f.0139	107.0	3.80545134778	23.5	0.907402092029	22.0
MCT.f.0140	79.0	3.15947682533	15.0	0.850913261773	15.0
MCT.f.0142	91.0	3.72371941609	20.0	0.909038763434	19.0
MCT.f.0143	97.0	3.58007931447	20.0	0.886514975066	19.0
MCT.f.0006	118.0	3.82888654097	24.0	0.89131841716	24.0
MCT.f.0602	69.0	3.21866494001	13.0	0.871228373702	13.0
MCT.f.0108	115.0	3.75200769721	23.0	0.896108617827	23.0
MCT.f.0109	90.0	3.72250188536	20.0	0.903945447664	20.0
MCT.f.0375	83.0	3.50422422649	17.0	0.881471142221	17.0
MCT.f.0376	91.0	3.4613718605	20.0	0.871668054977	20.0
MCT.f.0377	91.0	3.40316330627	18.0	0.875078481328	18.0
MCT.f.0379	110.0	3.79752071433	22.0	0.906855190343	22.0
MCT.f.0380	119.0	3.8846024111	23.0	0.915006280947	23.0
MCT.f.0431	93.0	3.04837477996	18.0	0.819422532181	18.0
MCT.f.0547	92.0	2.88660639534	18.0	0.802959746974	17.0
MCT.f.0550	92.0	3.76758888276	19.0	0.917122583146	18.0
MCT.f.0551	96.0	3.72823463695	20.0	0.896990949506	20.0
MCT.f.0613	51.0	2.73222926061	10.0	0.79577815027	10.0
MCT.f.0615	55.0	2.75589405344	10.0	0.820887736841	10.0
MCT.f.0618	55.0	3.00032174621	10.0	0.868015677166	10.0
MCT.f.0126	101.0	3.68513009784	24.5	0.89725436955	23.0
MCT.f.0243	71.0	3.30173934518	14.0	0.884792340857	14.0
MCT.f.0041	100.0	3.67237448231	22.0	0.889526530409	22.0
MCT.f.0330	90.0	3.19475286165	20.5	0.852849226476	19.0
MCT.f.0411	55.0	2.86277540942	10.0	0.832178113842	10.0
MCT.f.0412	60.0	3.06263817235	12.0	0.858647154027	12.0
MCT.f.0413	51.0	2.49049771678	9.0	0.745171658145	9.0
MCT.f.0056	105.0	4.00011491258	24.0	0.922214540466	24.0
MCT.f.0378	99.0	3.65653337546	19.0	0.900877371027	19.0
MCT.f.0409	61.0	2.86534003565	11.0	0.832993503122	11.0
MCT.f.0410	81.0	3.49263132597	16.0	0.890596349193	16.0
MCT.f.0141	64.0	2.88740411604	13.5	0.825742121028	13.0
MCT.f.0483	68.0	2.9563028914	15.5	0.834972993827	14.0
MCT.f.0053	103.0	3.51776941238	22.0	0.860540358556	22.0
MCT.f.0262	68.0	3.26602438651	15.0	0.864763138546	15.0
MCT.f.0087	29.0	2.02815740149	5.0	0.712333714055	5.0
MCT.f.0091	46.0	2.04857485721	8.0	0.667359661717	8.0
MCT.f.0092	29.0	1.92177617038	5.0	0.677463096829	5.0
MCT.f.0137	79.0	2.62703539536	16.0	0.735161093899	16.0
MCT.f.0343	42.0	2.24608305204	8.0	0.743148148148	8.0
MCT.f.0597	59.0	2.63511914226	12.5	0.773373812335	12.0
MCT.f.0325	91.0	3.18246833588	28.0	0.856381843234	18.0
MCT.f.0326	94.0	3.41337090811	20.5	0.873013608138	20.0
MCT.f.0327	64.0	2.82922995992	15.0	0.818282526815	12.0
MCT.f.0328	117.0	4.05581825952	25.5	0.924952779423	25.0
MCT.f.0329	105.0	3.56961333507	21.3333333333	0.883722429403	21.0
MCT.f.0395	63.0	2.77784907439	12.0	0.795057721184	12.0
MCT.f.0511	64.0	3.04090712964	12.0	0.846553692687	12.0
MCT.f.0513	157.0	4.545133112	34.3333333333	0.942968206742	34.0
MCT.f.0514	94.0	3.56744875284	20.5	0.894617174515	19.0
MCT.f.0516	80.0	3.29728453003	20.0	0.856212946643	17.0
MCT.f.0517	99.0	3.89136433515	21.0	0.916581446311	21.0
MCT.f.0545	73.0	3.52388851084	14.0	0.901833437845	14.0
MCT.f.0549	82.0	3.49985885262	17.0	0.876727318931	17.0
MCT.f.0565	53.0	2.97918694715	10.0	0.848455434492	10.0
MCT.f.0567	87.0	3.37897280937	17.3333333333	0.881304114448	17.0
MCT.f.0568	103.0	3.57024607979	21.5	0.872663759345	21.0
MCT.f.0599	78.0	3.53405512895	17.5	0.892480335043	17.0
MCT.f.0600	56.0	2.81238837229	11.0	0.829225089313	11.0
MCT.f.0601	55.0	2.74828117452	11.0	0.800893008809	11.0
MCT.f.0055	108.0	4.07650018787	26.5	0.929604390242	25.0
MCT.f.0596	61.0	2.83659503567	13.0	0.826029951635	13.0
MCT.f.0052	62.0	2.86578768464	13.0	0.82222107438	13.0
MCT.f.0057	82.0	3.43310793579	17.0	0.8868313551	16.0
MCT.f.0075	41.0	2.62461959595	7.0	0.821337024221	7.0
MCT.f.0415	58.0	2.95125341366	11.0	0.849815764385	11.0
MCT.f.0364	74.0	3.09205419996	14.5	0.845791397096	14.0
MCT.f.0426	91.0	3.49935580572	20.5	0.889703329347	19.0
MCT.f.0206	64.0	2.98567334795	13.5	0.848435338583	13.0
MCT.f.0244	65.0	3.23621990176	13.0	0.869323621228	13.0
MCT.f.0359	87.0	3.35140611673	19.3333333333	0.870942015388	19.0
MCT.f.0054	101.0	3.26545455884	22.0	0.808557982782	22.0
MCT.f.0159	58.0	2.98623039703	11.0	0.86101930306	11.0
MCT.f.0210	65.0	2.40617342482	12.0	0.745066568225	12.0
MCT.f.0227	81.0	3.36475875929	17.0	0.879055890031	17.0
MCT.f.0296	95.0	3.58447709562	21.0	0.900921071399	18.0
MCT.f.0313	94.0	3.45818363634	19.25	0.885041345661	19.0
MCT.f.0035	86.0	3.85590458527	25.0	0.916966038439	22.0
MCT.f.0036	144.0	4.6009813905	33.0	0.951230486685	33.0
MCT.f.0037	143.0	4.28883423897	33.3333333333	0.929695445082	33.0
MCT.f.0038	108.0	3.31889603517	23.0	0.83142475507	23.0
MCT.f.0039	106.0	3.47078732492	23.0	0.842272456871	23.0
MCT.f.0040	83.0	3.64515002651	18.0	0.898083015378	18.0
MCT.f.0058	108.0	3.77059900087	23.0	0.905997368588	23.0
MCT.f.0088	58.0	2.7000100752	10.0	0.81498938548	10.0
MCT.f.0157	74.0	2.28274913552	16.75	0.645361558216	16.0
MCT.f.0290	62.0	2.48449317265	12.0	0.75563183391	12.0
MCT.f.0291	47.0	2.25936152043	8.0	0.737454607233	8.0
MCT.f.0292	70.0	3.11505952291	13.5	0.865878937436	13.0
MCT.f.0293	46.0	1.90151443069	8.0	0.634522079987	8.0
MCT.f.0308	68.0	3.40040732594	15.0	0.887978395062	15.0
MCT.f.0482	65.0	3.02497537078	12.0	0.851932065612	12.0
MCT.f.0531	67.0	3.16655564026	13.0	0.862733007027	13.0
MCT.f.0532	57.0	2.93329855168	11.0	0.826571589416	11.0
MCT.f.0104	115.0	4.20618369836	29.0	0.936125578704	27.0
MCT.f.0106	117.0	3.98195372704	24.0	0.914203311879	24.0
MCT.f.0222	96.0	3.65930122685	22.0	0.891225336444	22.0
MCT.f.0546	41.0	2.60904840303	8.0	0.80623568451	8.0
MCT.f.0311	107.0	3.85079089996	24.0	0.909337775927	23.0
MCT.f.0209	128.0	3.99471480012	32.2	0.920797912634	28.0
MCT.f.0309	46.0	1.78246382964	8.0	0.622217068646	8.0
MCT.f.0312	69.0	3.14908810859	14.0	0.849507837755	14.0
MCT.f.0341	70.0	2.86296912481	13.0	0.81530064464	13.0
MCT.f.0342	83.0	2.93733603799	17.0	0.813311940376	16.0
MCT.f.0344	49.0	2.13173545028	9.5	0.702057682577	9.0
MCT.f.0345	88.0	3.4674623954	21.0	0.878854320988	18.0
MCT.f.0346	70.0	2.93528899253	15.0	0.834912679145	14.0
MCT.f.0362	80.0	3.51728021837	16.0	0.894469441485	16.0
MCT.f.0224	88.0	3.61665156314	20.5	0.894267768221	20.0
MCT.f.0429	108.0	3.82725678352	21.0	0.90985438293	21.0
MCT.f.0430	91.0	3.82256356679	18.5	0.92188330322	18.0
MCT.f.0223	84.0	3.2498767464	16.5	0.86114721172	16.0
MCT.f.0225	85.0	3.33496884287	17.0	0.866204261163	16.0
MCT.f.0226	87.0	3.35600948243	16.0	0.870484688091	16.0
MCT.f.0105	80.0	3.54228408314	16.0	0.897248213591	16.0
MCT.f.0397	75.0	3.16533192971	15.5	0.856562251652	15.0
MCT.f.0464	49.0	3.16645230294	10.0	0.879894806049	10.0
MCT.f.0462	40.0	2.31012135242	7.0	0.753607967406	7.0
MCT.f.0228	67.0	3.06969634478	14.0	0.840604530978	14.0
MCT.f.0427	64.0	2.89549768263	12.0	0.83777066329	12.0
MCT.f.0428	85.0	3.50483617384	21.0	0.881355138729	18.0
MCT.f.0432	76.0	3.25193158407	15.5	0.879101817025	15.0
MCT.f.0619	60.0	2.97546298127	13.0	0.848825781618	12.0
MCT.f.0090	36.0	2.79761725957	8.0	0.841989795918	8.0
MCT.f.0466	27.0	2.17329661659	5.0	0.759407439446	5.0
MCT.f.0294	60.0	2.69599830309	11.0	0.788339806511	11.0
MCT.f.0515	63.0	3.14520617446	12.0	0.866600271616	12.0
MCT.f.0310	61.0	2.81520935354	12.0	0.817946969227	12.0
MCT.f.0089	58.0	2.53416083342	10.0	0.785657607618	10.0
MCT.f.0414	38.0	1.69545912836	7.5	0.657763163821	7.0
MCT.f.0103	117.0	4.0699509921	31.0	0.930326502754	26.0
MCT.f.0347	60.0	2.79855564253	11.0	0.820371900826	11.0
MCT.f.0107	126.0	4.02313662602	30.0	0.923484822877	28.0
MCT.f.0295	70.0	3.16167308159	14.0	0.860799027914	14.0
MCT.f.0307	60.0	2.59798248479	11.0	0.789951931186	11.0
MCT.f.0381	74.0	3.0849609982	15.0	0.838155052504	15.0
MCT.f.0528	26.0	2.30199071227	6.0	0.769575401547	6.0
MCT.f.0529	28.0	2.41127806879	6.0	0.791370262391	6.0
MCT.f.0548	55.0	2.41493232195	11.0	0.748693086159	11.0
MCT.f.0530	15.0	1.36030521419	3.0	0.554633434256	3.0
MCT.f.0188	16.0	1.29472961922	3.0	0.544244413584	3.0
MCT.f.0173	7.0	0.650022421648	2.0	0.277777777778	2.0
MCT.f.0174	7.0	0.650022421648	2.0	0.277777777778	2.0
MCT.f.0189	10.0	0.189990755536	2.0	0.056555754548	2.0
MCT.f.0190	10.0	0.0900891804408	2.0	0.0225861051825	2.0
MCT.f.0171	7.0	0.721928094887	2.0	0.32	2.0
MCT.f.0172	7.0	0.650022421648	2.0	0.277777777778	2.0
MCT.f.0177	7.0	0.650022421648	2.0	0.277777777778	2.0
MCT.f.0191	10.0	0.219656893907	2.0	0.067853034373	2.0
MCT.f.0192	10.0	0.219656893907	2.0	0.067853034373	2.0
MCT.f.0175	7.0	0.650022421648	2.0	0.277777777778	2.0
MCT.f.0176	7.0	0.721928094887	2.0	0.32	2.0
MCT.f.0193	10.0	0.219656893907	2.0	0.067853034373	2.0
MCT.f.0194	10.0	0.0970963973478	2.0	0.0247344641578	2.0
