#FoodID	MCTs01	MCTs03	MCTs04	MCTs05	MCTs06	MCTs07	MCTs08	MCTs09	MCTs10	MCTs13	MCTs14	MCTs15	MCTs16	MCTs18	MCTs19	MCTs20	MCTs21	MCTs22	MCTs23	MCTs24	MCTs25	MCTs26	MCTs27	MCTs28	MCTs29	MCTs31	MCTs32	MCTs33	MCTs34	MCTs35	MCTs36	MCTs37	taxonomy
Hummus	3.17719852941176	0	4.44807794117647	0	0	0	1.27087941176471	0	0	0	0	0	0	1.90631911764706	0.953159529411765	15.2505529411765	1.27087941176471	1.27087941176471	0	0	0	0	0	0	0	0.953159529411765	0	3.81263823529412	0	0	1.27087941176471	0	L1_Dry_Beans_Peas_Other_Legumes_Nuts_and_Seeds;L2_Legumes;L3_Dried_beans_mixtures;L4_Dried_beans_mixtures;L5_Bean_dips_and_sauces;Hummus
Soy sauce	0	0.1917353125	0	0	0	0.450925529411765	0	0	0.270468764705882	0.271529411764706	0	0	0.811839058823529	0	0.540937470588235	0	0	0.045006	0.270468764705882	0	0	0	0.495931529411765	0	0	0	0	0.180456764705882	0.991863	0	0	0	L1_Dry_Beans_Peas_Other_Legumes_Nuts_and_Seeds;L2_Legumes;L3_Soybean_derived_products_excluding_milks;L4_Soybean_derived_products;L5_Curds_and_sauces;Soy_sauce
Soybean curd deep fried	0	0	0	0	0	6.60121411764706	1.65030352941176	0	0	0	0	0	0	0	1.65030352941176	0	0	0	0	5.77606235294118	0	0	0	7.89051375	0	3.30060705882353	0	0	0	0	0	0	L1_Dry_Beans_Peas_Other_Legumes_Nuts_and_Seeds;L2_Legumes;L3_Soybean_derived_products_excluding_milks;L4_Soybean_derived_products;L5_Soybean_curd_fried;Soybean_curd_deep_fried
Almond butter	0	0	4.16583529411765	0	0	2.77722352941176	0	0	0	0	0	0	0	0	0	0	0	0	0	3.70296470588235	0	1.38861176470588	0	0	0	19.1319225882353	0	0	10.6460235294118	0	0	0	L1_Dry_Beans_Peas_Other_Legumes_Nuts_and_Seeds;L2_Nuts_nut_butters_and_nut_mixtures;L3_Nut_butters;L4_Nut_butters;L5_Almond_butter;Almond_butter
Peanut butter	12.0138352941176	0	0	2.24434285714286	8.77934117647059	16.1724705882353	0	0	6.46898823529412	0	2.31035294117647	0	0.924141176470588	0	0	0	0	12.4759058823529	1.38621176470588	3.23449411764706	3.23449411764706	0	8.00916194117647	0	0.924141176470588	0	3.69656470588235	5.08277647058824	0	0	0	0	L1_Dry_Beans_Peas_Other_Legumes_Nuts_and_Seeds;L2_Nuts_nut_butters_and_nut_mixtures;L3_Nut_butters;L4_Nut_butters;L5_Peanut_butter;Peanut_butter
Walnuts	0	1.7986875	7.61797058823529	0	0	1.69288235294118	0	0	0	0	3.27290588235294	5.64294117647059	0	0	0	0	1.26966176470588	0.423220588235294	0	0.423220588235294	0.635169470588235	0	1.12858823529412	0	0	0.846441176470588	0	0	0	0	0	6.79974411764706	L1_Dry_Beans_Peas_Other_Legumes_Nuts_and_Seeds;L2_Nuts_nut_butters_and_nut_mixtures;L3_Nuts;L4_Mixed_nuts_NFS;L5_Walnuts;Walnuts
Cashew nuts roasted assume salted 	0	5.743340375	0	0	0	6.02340311764706	0	0	0	1.17505229411765	0	0	0	0	0	0	0	0	0	0	0	0	0	0	0.903886411764706	0	0	0	0	1.86702941176471	1.53660682352941	0	L1_Dry_Beans_Peas_Other_Legumes_Nuts_and_Seeds;L2_Nuts_nut_butters_and_nut_mixtures;L3_Nuts;L4_Nuts_NFS;L5_Cashew_nuts;Cashew_nuts_roasted_assume_salted_
Egg whole boiled or poached	0	0	3.79228235294118	0	0.833152941176471	1.07735294117647	18.6741176470588	0	0	1.43647058823529	2.85857647058824	0	1.98232941176471	0	0	0	0.718235294117647	0.481217647058824	0	0.624864705882353	0	0	0.718235294117647	3.35775	0	0.4884	0	0	1.43647058823529	0	0	1.26409411764706	L1_Eggs;L2_Eggs;L3_Chicken_eggs;L4_Egg_whole_or_white;L5_;Egg_whole_boiled_or_poached
Egg whole fried with oil	2.69343529411765	0	4.25484705882353	0	0	8.19741176470588	0	0	0	0	0	0	0	4.48905882352941	0	0	10.7737411764706	0	0	8.3730705882353	1.79562352941176	0	0	0	0	0	0	0	0	0	0	0.780705882352941	L1_Eggs;L2_Eggs;L3_Chicken_eggs;L4_Egg_whole_or_white;L5_;Egg_whole_fried_with_oil
Butter stick salted	0	1.7421671875	0	0	0	0.936953823529412	0	0	0.481662058823529	1.29659176470588	0.468441764705882	0.819878529411765	0.742323529411765	0	0	1.63961647058824	0.123720588235294	0	0	0	0	0	2.24492882352941	0	0.247441176470588	0.468512058823529	0	11.8292441176471	1.88712794117647	0	0	0	L1_Fats_Oils_and_Salad_Dressings;L2_Fats;L3_Table_fats;L4_Table_fats;L5_Butter;Butter_stick_salted
Olive oil	0.264679411764706	0.84375	0	6.4287	0	8.20585588235294	0.529438235294118	0	1.72061470588235	0	0	2.38235294117647	0	0	1.19117647058824	2.91179117647059	1.58831470588235	0	0	0	0	0	2.51473235294118	0	0	0	0	0	1.58823529411765	0	0	0	L1_Fats_Oils_and_Salad_Dressings;L2_Oils;L3_Vegetable_oils;L4_Vegetable_oils;L5_Olive_oil;Olive_oil
Caesar dressing	0	0	0	0	3.40867058823529	0	0	0	1.13622352941176	0.378760117647059	0	0	0	0	0	0	0	0	2.08309541176471	0	1.70433529411765	0	0	0	0	0	0	0	0	0	0	0	L1_Fats_Oils_and_Salad_Dressings;L2_Salad_dressings;L3_Regular_salad_dressings;L4_;L5_;Caesar_dressing
Italian dressing made with vinegar and oil	0.527481117647059	0.1120763125	4.11427058823529	0	0.421997529411765	0	7.27909411764706	0.105483588235294	0	0.527481117647059	1.58241176470588	0	0	0	2.84834117647059	0	0.843963470588235	1.24870588235294	0.316482352941176	0	0	0	0	0	0	2.40699876470588	0	0	0	0	0	2.21322352941176	L1_Fats_Oils_and_Salad_Dressings;L2_Salad_dressings;L3_Regular_salad_dressings;L4_;L5_;Italian_dressing_made_with_vinegar_and_oil
Mayonnaise regular	2.37815294117647	0.67576875	0	0	5.72415882352941	1.27203529411765	0	0.636017647058824	1.27203529411765	0.912547058823529	8.26822941176471	0	1.06005058823529	2.54407058823529	1.27203529411765	0	0.318008823529412	1.59004411764706	0	0.636017647058824	1.27203529411765	3.18008823529412	4.46136235294118	0	0	0.636017647058824	0	0	0	0	0.636017647058824	1.90805294117647	L1_Fats_Oils_and_Salad_Dressings;L2_Salad_dressings;L3_Regular_salad_dressings;L4_;L5_Sesame_oil;Mayonnaise_regular
Lemon juice freshly squeezed	0.206951470588235	0.3664765625	0.275935294117647	0	0	0	0	0	0	0.0689838235294118	0.0689838235294118	0.607057647058824	0	0	0.0689838235294118	1.46845070588235	0.413902941176471	0	0	0	0	0	0.137967647058824	0	0	0.0689838235294118	0	0	0.137967647058824	0	0.137967647058824	0	L1_Fruits;L2_Citrus_fruits_juices;L3_Citrus_fruit_juices;L4_Grapefruit_lemon_lime_juice;L5_;Lemon_juice_freshly_squeezed
Orange juice canned bottled or in a carton	0	0	0	9.08475428571429	0	0	29.4586517647059	2.24446870588235	0	0	0	0	0	0	0	0	0	0.935195294117647	1.87039058823529	0	0	0	1.42032782352941	0	2.61854682352941	0	0	0	1.54307223529412	5.61117176470588	2.22108882352941	0	L1_Fruits;L2_Citrus_fruits_juices;L3_Citrus_fruit_juices;L4_Orange_tangerine_or_juice_blend;L5_;Orange_juice_canned_bottled_or_in_a_carton
Orange raw	0	0	0.53	0	0	5.58058823529412	0	0.748235294117647	2.04205882352941	0	0	3.06308823529412	9.9375	0	2.74352941176471	5.14411764705882	0.526102941176471	0.255257352941177	3.12933823529412	2.04205882352941	0	0	0	0	0	4.43485294117647	0.06625	0	0	0	0	0	L1_Fruits;L2_Citrus_fruits_juices;L3_Citrus_fruits;L4_Citrus_fruits;L5_Orange;Orange_raw
Tangerine raw	4.64091764705882	0	0	0	2.30301176470588	16.0164	1.32597647058824	4.08915441176471	0	0	0.662988235294118	0	0.767670588235294	0	27.4267764705882	0	1.43065882352941	10.0495058823529	0.662988235294118	0	0	0	1.04682352941176	0	0	0.767670588235294	2.65195294117647	0	0	1.53534117647059	0	0	L1_Fruits;L2_Citrus_fruits_juices;L3_Citrus_fruits;L4_Citrus_fruits;L5_Tangelo_or_tangerine;Tangerine_raw
Date	0	24.55498825	1.71795441176471	0	0	3.35410147058824	0	0	0	0	0	0	0	0	0	0	0	0	0	0	0	8.05802423529412	0	0	0	4.25398235294118	0	0	0	0	0	0	L1_Fruits;L2_Dried_fruits;L3_Dried_fruits;L4_Dried_fruits;L5_Date;Date
Raisins	0	1.43702925	9.01665435294118	0	0	3.60666170588235	0	0	1.80333082352941	0.817990823529412	0	0	0	0	0	0.901665411764706	1.35249817647059	0	0	0	0	0	0	0	0	0	0	1.80333088235294	1.79089411764706	0	0	0	L1_Fruits;L2_Dried_fruits;L3_Dried_fruits;L4_Dried_fruits;L5_Raisins;Raisins
Blueberries raw	6.52962941176471	0	1.71832352941176	0	0	0	0.416856	3.09298235294118	0	0	3.26481470588235	0.687329411764706	0	0	0	2.23382058823529	0.687329411764706	0	0.343664705882353	1.37465882352941	0	0	2.14279588235294	0	0	0	2.57748529411765	0	0.171832352941176	0	0	0	L1_Fruits;L2_Other_fruits;L3_Berries;L4_Berries;L5_Blueberries;Blueberries_raw
Strawberries raw	0	0	2.19329411764706	0	0.574941176470588	0	0.766588235294118	0	0	0	0.191647058823529	0	0	0	0	0.404588235294118	0.558970588235294	0	1.21376470588235	0.606882352941176	0	0	0.809176470588235	0	0	0.202294117647059	0.303441176470588	0	0.255529411764706	0	0.0638823529411765	0.303441176470588	L1_Fruits;L2_Other_fruits;L3_Berries;L4_Berries;L5_Strawberries;Strawberries_raw
Apple raw	0	0	9.52190588235294	0	0	0	17.9756764705882	6.18371764705882	0	0	0.473547058823529	0	25.7286823529412	0	0.530882352941176	1.60538823529412	3.06956176470588	0	0.386482352941176	2.53124705882353	0	0.772964705882353	0	1.64255	0.265441176470588	12.7156941176471	3.09185882352941	3.71617647058824	0	0	0	0	L1_Fruits;L2_Other_fruits;L3_Fruits_excluding_berries;L4_Fruits_excluding_berries;L5_Apple_or_applesauce;Apple_raw
Avocado raw	0	1.279940625	7.92470735294118	0	0	17.4083735294118	3.16515882352941	0.629882352941176	0.602325	1.58257941176471	6.33031764705882	0	15.8257941176471	2.09435882352941	5.85396911764706	2.71636764705882	13.8082021764706	0	0	0	0	2.37386911764706	2.26363970588235	0	0	13.2354029411765	0	0	0.314941176470588	1.58257941176471	0	1.58257941176471	L1_Fruits;L2_Other_fruits;L3_Fruits_excluding_berries;L4_Fruits_excluding_berries;L5_Avocado;Avocado_raw
Banana raw	2.0072	6.0529625	5.85925294117647	8.45891428571429	13.4600470588235	23.7912235294118	0	3.48308235294118	13.9323294117647	1.74154117647059	2.98128235294118	0	11.9398882352941	1.74154117647059	4.47192352941176	5.22462352941177	12.8106588235294	4.35385294117647	10.6337323529412	7.32037647058824	3.91846764705882	17.9467294117647	0	5.5511625	0	12.7221058823529	3.23218235294118	6.39057058823529	0	0	0	15.6738705882353	L1_Fruits;L2_Other_fruits;L3_Fruits_excluding_berries;L4_Fruits_excluding_berries;L5_Banana;Banana_raw
Guacamole	3.42689888235294	0	0	0	0.456919823529412	0	9.21442852941176	0	0	0	0	0	0	1.90371088235294	0	0	0	0.456919823529412	8.68147711764706	0	0	3.04601052941176	0	0	0	2.43666223529412	0	0	0	0	0.913839705882353	0	L1_Fruits;L2_Other_fruits;L3_Mixtures_of_fruits_and_nonfruit_items;L4_Mixtures_of_fruits_and_nonfruit_items;L5_Guacamole_or_chutney;Guacamole
Granola bar NFS	2.43076470588235	0	0	0	0	0	0	4.86152941176471	0	0	4.86152941176471	4.86152941176471	0	4.86152941176471	0	0	0	2.43076470588235	0	0	0	0	0	0	26.7384117647059	0	0	7.29229411764706	0	7.29229411764706	0	0	L1_Grain_Product;L2_Cakes_cookies_pies_pastries_bars;L3_Bars;L4_Cereal_bars_granola_bars;L5_;Granola_bar_NFS
Cookie chocolate chip	0	0	0	0	4.16528823529412	0	0	5.66705882352941	0	1.70011764705882	0	0	0	0	0	0	0	0	6.85708452941176	0	7.65052941176471	20.4014117647059	0	0	0	0	0	2.55017647058824	0	0	0	0	L1_Grain_Product;L2_Cakes_cookies_pies_pastries_bars;L3_Cookies;L4_Cookies;L5_Cookie_chocolate_chip;Cookie_chocolate_chip
Cookie chocolate chip made from home recipe or purchased at a bakery	3.348	0	11.16	0	0	0	0	0	0	0	0	7.254	0	0	15.345	0	7.533	2.511	11.16	1.674	0	0	0	0	0	0	0	0	0	0	0	0	L1_Grain_Product;L2_Cakes_cookies_pies_pastries_bars;L3_Cookies;L4_Cookies;L5_Cookie_chocolate_chip;Cookie_chocolate_chip_made_from_home_recipe_or_purchased_at_a_bakery
Cookie NFS	0	0	0	0	0	0	0	10.2007058823529	0	1.70011764705882	6.80047058823529	0	0	0	0	0	7.36717647058824	0	0	3.40023529411765	0	0	4.25029411764706	5.419125	2.83352941176471	0	0	0	1.70011764705882	0	0	0	L1_Grain_Product;L2_Cakes_cookies_pies_pastries_bars;L3_Cookies;L4_Cookies;L5_Cookie_NS;Cookie_NFS
Salty snacks corn or cornmeal base tortilla chips	6.00352941176471	0.972	5.48894117647059	0	3.65929411764706	0	9.94870588235294	0	0	4.08811764705882	0	0	0	3.65929411764706	4.51694117647059	3.20188235294118	0	5.48894117647059	26.4155294117647	0	27.4447058823529	13.9510588235294	5.48894117647059	0	0	0	0	0.914823529411765	0	0	3.54494117647059	1.82964705882353	L1_Grain_Product;L2_Crackers_and_salty_snacks_from_grain;L3_Salty_snacks_from_grain_products;L4_Salty_snacks_from_grain_products;L5_Salty_snacks_corn;Salty_snacks_corn_or_cornmeal_base_tortilla_chips
Quinoa cooked fat not added in cooking	1.56052941176471	0.82903125	0	0	0	0	0	1.95066176470588	0	0	0	1.56052941176471	0	0	0	0	0	0.780264705882353	0	0	0	0.780264705882353	0	1.243546875	0	3.12105882352941	0	0	0	0	0	0	L1_Grain_Product;L2_Pastas_cooked_cereals_rice;L3_Cooked_cereals_rice;L4_Cooked_cereals_rice;L5_Quinoa;Quinoa_cooked_fat_not_added_in_cooking
Rice brown cooked fat not added in cooking	0	0	0	0	0	17.9927647058824	14.0812941176471	0	6.25835294117647	0	0	0	4.69376470588235	3.12917647058824	0	0	0	0	0	0	0	0	0	0	0	0	0	0	0	0	0	0	L1_Grain_Product;L2_Pastas_cooked_cereals_rice;L3_Cooked_cereals_rice;L4_Cooked_cereals_rice;L5_Rice;Rice_brown_cooked_fat_not_added_in_cooking
Rice white cooked fat not added in cooking	0	0	0	0	5.94637647058823	13.3793470588235	0	0	0	0	0	0	0	0	0	0	0	0	0	2.97318823529412	0	8.91956470588235	9.66286176470588	4.73851875	0	0	5.94637647058823	3.71648529411765	0	2.97318823529412	37.90815	0	L1_Grain_Product;L2_Pastas_cooked_cereals_rice;L3_Cooked_cereals_rice;L4_Cooked_cereals_rice;L5_Rice;Rice_white_cooked_fat_not_added_in_cooking
Tortilla corn	0	4.734625	2.00525294117647	0	0	0	0	0	0	0.891223529411765	0	0	2.86464705882353	0	0	3.43757647058824	0	0	2.00525294117647	0	0	0	4.07416470588235	0	0	0	0	0	0	0	1.71878823529412	0	L1_Grain_Product;L2_Quick_breads;L3_Cornbread_corn_muffins_tortillas;L4_Tortillas;L5_Tortillas_and_tacos;Tortilla_corn
Bread NS as to major flour	0	0	1.61022352941176	0	0	0	0	6.44089411764706	0	1.04851764705882	0	0	0	3.22044705882353	2.09703529411765	0	5.24258823529412	0	0	0	0.449364705882353	0	1.79745882352941	0	0.262129411764706	0	0	0	3.10810588235294	0	0	7.48941176470588	L1_Grain_Product;L2_Yeast;L3_Breadrolls_NFS;L4_;L5_;Bread_NS_as_to_major_flour
Bread multigrain	0	5.6754	0	0	0	0	0	2.67077647058824	0	0	8.01232941176471	0	0	0	0	4.45129411764706	0	13.3538823529412	5.34155294117647	0	0	0	0	0	37.3908705882353	0	2.67077647058824	0	0	0	0	5.34155294117647	L1_Grain_Product;L2_Yeast;L3_Multigrain_breads_rolls;L4_Bread_multigrain;L5_;Bread_multigrain
Bread whole wheat NS as to 100 	0	8.39063825	0	3.13662857142857	2.58310588235294	10.3324235294118	0	0	4.64959058823529	9.54314117647059	2.58310588235294	0	0	12.9155294117647	2.58310588235294	0	0	0	0	0	9.04087058823529	0	0	0	0	0	0	3.87465882352941	0	5.16621176470588	0	12.1262470588235	L1_Grain_Product;L2_Yeast;L3_Wheat_cracked_wheat_breads_rolls;L4_Wheat_cracked_wheat_breads_rolls;L5_Whole_grain_wheat_or_whole_grain_white;Bread_whole_wheat_NS_as_to_100_
Bagel	0	0	0	0	0	0	0	0	6.52192941176471	0	3.93564705882353	0	0	15.7425882352941	0	0	0	16.7171294117647	7.87129411764706	0	7.87129411764706	0	17.1856588235294	0	0	0	0	8.84583529411765	0	0	0	0	L1_Grain_Product;L2_Yeast;L3_White_breads_rolls;L4_Bagels_bread_sticks_English_muffins;L5_Bagel;Bagel
Croutons	0	0.6025	0	0	1.42445176470588	0	0.0714494117647059	0	0.571595294117647	0.214348235294118	0.500145882352941	0	0	0	1.13411764705882	0	0	0.714494117647059	0	0	0.571595294117647	0	0	0	0.285797647058823	0	4.53647058823529	0	0	0	0	1.70571294117647	L1_Grain_Product;L2_Yeast;L3_White_breads_rolls;L4_Bagels_bread_sticks_English_muffins;L5_Croutons;Croutons
Roll white soft	6.03995294117647	14.97405	0	0	0	1.08409411764706	4.02663529411765	0	0	2.01331764705882	1.08409411764706	0	0	0.813070588235294	1.00665882352941	0	0	0	0	0	2.01331764705882	0	9.60197647058824	0	0	0	1.66485882352941	0	0	0	0	0	L1_Grain_Product;L2_Yeast;L3_White_breads_rolls;L4_Rolls;L5_Roll_white;Roll_white_soft
Ground beef less than 80 lean cooked formerly regular 	0	3.6575	0	2.35871428571429	0	0	0	0	0	1.49988235294118	0	0	0	0	0	0	0	0	1.60591911764706	0	1.94247058823529	7.65923529411765	0	0	0	0	0	0	0	0	11.3413235294118	0	L1_Meat_Poultry_Fish_and_Mixtures;L2_Beef;L3_Ground_beef_beef_patties_beef_meatballs;L4_;L5_;Ground_beef_less_than_80_lean_cooked_formerly_regular_
Chicken or turkey loaf prepackaged or deli luncheon meat	0	2.149284375	0	0	0	0	0	0.799152941176471	0	0	0	0	0	3.99576470588235	0	0	1.19872941176471	3.19661176470588	1.19872941176471	0.799152941176471	0	0	0	0.8491	0	1.61828470588235	0	0	0	0	0	2.39745882352941	L1_Meat_Poultry_Fish_and_Mixtures;L2_Organ_meats_sausages_and_lunchmeats;L3_Frankfurters_sausages_lunchmeats_meat_spreads;L4_Luncheon_meats;L5_;Chicken_or_turkey_loaf_prepackaged_or_deli_luncheon_meat
Pork bacon NS as to fresh smoked or cured cooked	0	0	0	3.92657142857143	0	0	0	0	1.07788235294118	3.77258823529412	3.09891176470588	0	0	0	0	0.359294117647059	0	0.224558823529412	0.449117647058824	0	0	2.15576470588235	1.61682352941176	0	0.112459058823529	0	0	0	0.718588235294118	0	0.359294117647059	0	L1_Meat_Poultry_Fish_and_Mixtures;L2_Pork;L3_Bacon_salt_pork;L4_Bacon_NS;L5_;Pork_bacon_NS_as_to_fresh_smoked_or_cured_cooked
Pork bacon smoked or cured cooked	0	3.3403125	0	0.818035714285714	0	0	0	0	0	0	0	0	0	0	0	0	0	0	0	0	1.39226470588235	1.01051470588235	0	0	0	0	0	1.75155882352941	0	0	0	0	L1_Meat_Poultry_Fish_and_Mixtures;L2_Pork;L3_Bacon_salt_pork;L4_Bacon_NS;L5_;Pork_bacon_smoked_or_cured_cooked
Chicken breast roasted broiled or baked skin not eaten	2.56305882352941	1.7871328125	2.88344117647059	3.11228571428571	15.6133	0	3.60430147058824	5.75620294117647	3.60430147058824	2.56305882352941	0	0	0	2.56305882352941	2.16258088235294	0	1.91695441176471	1.44172058823529	0	0	0	10.893	2.88344117647059	2.462271875	1.12133823529412	19.2870176470588	2.88344117647059	0	0	0	2.24267647058824	7.20860294117647	L1_Meat_Poultry_Fish_and_Mixtures;L2_Poultry;L3_Chicken;L4_Chicken_breast;L5_;Chicken_breast_roasted_broiled_or_baked_skin_not_eaten
Chicken NS as to part and cooking method skin not eaten	0	2.492	7.03623529411765	0	0	0	0	0	0	0	2.34541176470588	0	0	0	0	0	0.706764705882353	4.24058823529412	0	0	16.4178823529412	0	0	0	0	0	0	0	0	0	0	4.69082352941177	L1_Meat_Poultry_Fish_and_Mixtures;L2_Poultry;L3_Chicken;L4_Chicken_NS_as_to_part;L5_;Chicken_NS_as_to_part_and_cooking_method_skin_not_eaten
Cheese NFS	0.351008823529412	0	2.83648558823529	0	0	1.10303688235294	0	9.91991041176471	3.30948835294118	1.92772705882353	6.63406676470588	0	0	2.604569	1.89544764705882	0	10.7174694117647	0	1.88876176470588	0	0.944380882352941	0	0	0	0	2.11741058823529	0	5.28519	6.50643058823529	0	0.472190411764706	0	L1_Milk_and_Milk_Products;L2_Cheeses;L3_Cheese_NS_as_to_type;L4_;L5_;Cheese_NFS
Cheese cream	0	0	0	0	0	1.1658	0	0	1.3601	0.129520352941176	0	0	0	0	0	2.5259	0.9715	0	2.49106	0	0	0	4.0803	0.4128875	0	0	0	1.943	0	0	0	0	L1_Milk_and_Milk_Products;L2_Cheeses;L3_Cream_cheeses;L4_;L5_;Cheese_cream
Cheese Brie	0	0	0	0	0	0	2.73070588235294	0	0	0.273070588235294	0	0	0	0	0	17.5372	0.5158	0	0	0	0	0	4.36912941176471	0	0	1.37597235294118	0	0	8.2528	0	0	0	L1_Milk_and_Milk_Products;L2_Cheeses;L3_Natural_cheeses;L4_Natural_cheeses;L5_Camembert_or_Brie;Cheese_Brie
Cheese Cheddar	12.2349534705882	54.0032530625	2.62808582352941	0	8.418761	1.05106617647059	25.2255882352941	0.525533058823529	2.88345582352941	13.0454389411765	2.10213235294118	12.7081341176471	13.3383087647059	6.32872058823529	5.30881435294118	7.58534917647059	0	0	11.6811550588235	0	7.89136764705882	0	7.81323529411765	0	1.83611029411765	0	11.0473565882353	8.69780511764706	0	0	1.05478676470588	1.05478676470588	L1_Milk_and_Milk_Products;L2_Cheeses;L3_Natural_cheeses;L4_Natural_cheeses;L5_Cheddar_Colby_Feta_Fontina_Goat;Cheese_Cheddar
Cheese Feta	0.746772352941176	1.574296875	3.95117647058824	0	1.49354470588235	2.46948529411765	0	0	0	0	1.24066941176471	0	0	0	2.48133882352941	0.746772352941176	0	0.493897058823529	0	0	0	0	0.246948529411765	0	0	1.23474264705882	0	0	0	0	0	0	L1_Milk_and_Milk_Products;L2_Cheeses;L3_Natural_cheeses;L4_Natural_cheeses;L5_Cheddar_Colby_Feta_Fontina_Goat;Cheese_Feta
Cheese Mozzarella part skim	0	1.8939775	0	0.540180285714286	0	0	0	4.46429117647059	1.78571647058824	0	0	0	0	0	1.03930588235294	0	0	0	2.67857470588235	0	0	0	0	0	0	0	0	0	0	0	0.889708823529412	0	L1_Milk_and_Milk_Products;L2_Cheeses;L3_Natural_cheeses;L4_Natural_cheeses;L5_Mozzarella_or_Muenster;Cheese_Mozzarella_part_skim
Cheese Parmesan dry grated	0	0	0.577402352941176	0	0	0	0	0	2.64021882352941	1.61113882352941	0	0	0.577402352941176	0	1.32010941176471	0	0	0	0	0	10.5608752941176	0	0.288701176470588	0	1.32010941176471	0	0	0	0	0	0	0	L1_Milk_and_Milk_Products;L2_Cheeses;L3_Natural_cheeses;L4_Natural_cheeses;L5_Parmesan_Port_du_Salut_Provolone;Cheese_Parmesan_dry_grated
Cheese Parmesan hard	0.625058823529412	0	0	0	0	0	0.416705882352941	0	0.416705882352941	0	0	0.416705882352941	0	0	2.08352941176471	1.25011764705882	3.542	1.66682352941176	0.625058823529412	0	0	0	0.625058823529412	0	0.416705882352941	0	0	2.91694117647059	3.542	0	0	0	L1_Milk_and_Milk_Products;L2_Cheeses;L3_Natural_cheeses;L4_Natural_cheeses;L5_Parmesan_Port_du_Salut_Provolone;Cheese_Parmesan_hard
Cheese Swiss	0	9.05251525	0	0	0	0	0	0	0	0	3.65073882352941	0	0	0	0	2.09723294117647	0	1.04861647058824	0	0	0	1.57292470588235	0	0	0	0	0	0	5.20147058823529	0	0	0	L1_Milk_and_Milk_Products;L2_Cheeses;L3_Natural_cheeses;L4_Natural_cheeses;L5_Swiss;Cheese_Swiss
Cheese American	2.42333823529412	0.73565625	1.04803276470588	1.70251871428571	0	0	0	0	0	0	0	0	0	0	0	0	0	0	0	0	0	2.10311135294118	0	0	0	0	1.86943235294118	0	0	0	0.931419117647059	0	L1_Milk_and_Milk_Products;L2_Cheeses;L3_Processed_cheeses_and_cheese_spreads;L4_Cheese_processed;L5_;Cheese_American
Cream half and half	0	0	0	0	0	0.519992529411765	0	0	0	0	0	0	2.07720417647059	0	0	6.51373605882353	0	0	0	2.42017794117647	0	0	0	0	0	3.58739517647059	0	3.46292894117647	9.54241594117647	0	3.44311029411765	0	L1_Milk_and_Milk_Products;L2_Creams_and_cream_substitutes;L3_Sweet_dairy_cream;L4_Cream_half_and_half;L5_;Cream_half_and_half
Ice cream regular flavors other than chocolate	0	2.925	0	0	0	0	0	2.75294117647059	0	0	0	0	0	1.69764705882353	1.69764705882353	6.79058823529412	0.424411764705882	7.63941176470588	7.10029411764706	0	2.75294117647059	2.75294117647059	10.0941176470588	0	3.39529411764706	0	0	2.54647058823529	0	0	0	0	L1_Milk_and_Milk_Products;L2_Milk_desserts_sauces_gravies;L3_Milk_desserts_frozen;L4_Ice_cream;L5_;Ice_cream_regular_flavors_other_than_chocolate
Milk almond ready to drink	0	0	0	0	0	0	0	0	0	0	0	0	0	0	0	0	0	0	5.78736705882353	0	0	7.20288	0	0	0	1.1808	0	9.33000823529411	0.8856	0	0	16.0884	L1_Milk_and_Milk_Products;L2_Milks_and_milk_drinks;L3_Milk_fluid_imitation;L4_Milk_almond;L5_;Milk_almond_ready_to_drink
Milk NFS	0	0	0.385735294117647	22.2955	7.869	0	0	0	0	0	0	0	2.70014705882353	0	0	0	0	0	0	0	0	0	0.385735294117647	0	0	3.08588235294118	0	0	1.54294117647059	0	0.0964338235294118	1.04148529411765	L1_Milk_and_Milk_Products;L2_Milks_and_milk_drinks;L3_Milk_fluid;L4_;L5_;Milk_NFS
Milk cows fluid 1 fat	0	0	0	11.4192	0	0	0	0	0	0	0	8.42747294117647	0	0	0	0	0	0	0	0	0	0	0.361694117647059	8.4546	2.89355294117647	0	8.39130352941176	0	0	0	0	0	L1_Milk_and_Milk_Products;L2_Milks_and_milk_drinks;L3_Milk_fluid;L4_Milk_fluid_cow_goat_buttermilk;L5_;Milk_cows_fluid_1_fat
Milk cows fluid 2 fat	0	0	0	0	0.774341176470588	0	2.32302352941176	0	29.0765111764706	0	0	4.25887647058823	0.193585294117647	0	0	2.71019411764706	0	6.52604588235294	0	0	0	0	10.6471911764706	2.4682125	0	0	0	0	0.774341176470588	0	0	0.774341176470588	L1_Milk_and_Milk_Products;L2_Milks_and_milk_drinks;L3_Milk_fluid;L4_Milk_fluid_cow_goat_buttermilk;L5_;Milk_cows_fluid_2_fat
Milk cows fluid whole	0	0	0	0	3.51386911764706	0	31.6887105882353	0	0	0	0	0	0	0	0	0	0	0	0	22.2332082352941	2.55554117647059	0	0	0	23.8517176470588	0.851847058823529	0	0	5.32404411764706	33.6479588235294	0	0	L1_Milk_and_Milk_Products;L2_Milks_and_milk_drinks;L3_Milk_fluid;L4_Milk_fluid_cow_goat_buttermilk;L5_;Milk_cows_fluid_whole
Yogurt fruit variety whole milk	0	0	0	0	0	0	0	0	0	0	0	0	0	0	0	0	0	0	5.424	4.52265882352941	5.57555294117647	0	7.52978823529412	0	5.43197647058823	0	0	0	0	0	0	0	L1_Milk_and_Milk_Products;L2_Milks_and_milk_drinks;L3_Yogurt;L4_Yogurt_fruit_variety;L5_;Yogurt_fruit_variety_whole_milk
Beer	12.1451294117647	2.412	3.06465882352941	22.0525714285714	11.9181176470588	6.46983529411765	3.46192941176471	0	15.1530352941176	3.80244705882353	28.3764705882353	0.681035294117647	0	9.98851764705882	0	15.6638117647059	0	0	17.0258823529412	0	10.7830588235294	37.1731764705882	0	0	0	7.37788235294118	0	6.38470588235294	0	0	0	4.54023529411765	L1_Sugars_Sweets_and_Beverages;L2_Alcoholic_beverages;L3_Beers_and_ales;L4_;L5_;Beer
Wine table red	7.19622070588235	0	1.16821764705882	0	1.40186117647059	0.934574117647059	0	1.16821764705882	2.80372235294118	9.81302823529412	2.05606305882353	0	0	1.40186117647059	0	9.81302823529412	0.934574117647059	0	4.78969235294118	0	0	0	0.280372235294118	0	0	2.66353623529412	0	2.61680752941176	7.05603458823529	0	0	0	L1_Sugars_Sweets_and_Beverages;L2_Alcoholic_beverages;L3_Wines;L4_;L5_;Wine_table_red
Wine table white	0	0	0	0	0	3.95405788235294	0	0.545387294117647	0.727183058823529	0	0.681734117647059	0.227244705882353	0	1.90885552941176	0	4.54489411764706	1.36346823529412	0	1.63616188235294	0	0	0.908978823529412	0	0	0	2.72693647058824	0	2.09065129411765	8.63529882352941	0	0	0	L1_Sugars_Sweets_and_Beverages;L2_Alcoholic_beverages;L3_Wines;L4_;L5_;Wine_table_white
Coffee made from ground regular	5.58249035294117	0	0.818043000000008	1.49606857142858	0.892178823529408	0.756227764705879	0	2.61705788235295	1.97553882352941	1.04512376470588	4.54373929411766	3.66430588235294	0.322883764705881	4.38229741176469	0.101963294117646	1.66964894117648	1.14708705882353	0	2.78912094117647	0.161441882352941	0.577792000000002	2.31966494117647	1.14708705882353	0	0	2.63405176470588	0	1.2044414117647	0.0849694117647059	0	3.02915952941177	0	L1_Sugars_Sweets_and_Beverages;L2_Nonalcoholic_beverages;L3_Coffee;L4_Coffee;L5_Coffee_from_ground;Coffee_made_from_ground_regular
Carbonated water unsweetened	0	0.022199999999998	0.0309929411764709	0	0	0	0	0.0208941176470569	0	0.139990588235283	0	0	0	0	0	0	0.0626823529411708	0.0417882352941139	0.00696470588235341	0	0	0	0	0	0	0.313411764705854	0.459670588235252	0	0	0	0	0	L1_Sugars_Sweets_and_Beverages;L2_Nonalcoholic_beverages;L3_Soft_drinks_carbonated;L4_Carbonated_soft_drinks;L5_;Carbonated_water_unsweetened
Soft drink cola type sugar free	0	0	0	0	0	0	0	0	0	0	0	0	0	0	0	0	0	0	0	0.19222588235294	0.608715294117644	0	0.09611294117647	0	0	0	0	0.0384451764705886	0	0	0.278727529411764	0.416489411764707	L1_Sugars_Sweets_and_Beverages;L2_Nonalcoholic_beverages;L3_Soft_drinks_carbonated;L4_Carbonated_soft_drinks;L5_;Soft_drink_cola_type_sugar_free
Tea herbal	0	0	0	0	0	0.583990588235297	0.0731294117647059	0.169242352941176	0	0	0	0.591303529411772	0.512950588235301	0	0	0.435642352941172	0.877552941176493	0.0835764705882377	0	0	0	0	0.0762635294117632	0	0	0.240282352941177	0	0	3.0192	0	0	0	L1_Sugars_Sweets_and_Beverages;L2_Nonalcoholic_beverages;L3_Tea;L4_Tea;L5_Tea_herbal;Tea_herbal
Tea leaf unsweetened	0.0835764705882377	0	0	0	0	0.109694117647062	0.158795294117651	0.493101176470591	0	0.0835764705882378	0.17551058823529	0.167152941176472	0.559962352941173	0	0.050145882352942	1.34558117647057	0	0	0	0.123275294117647	0.167152941176475	0	0	0	0	0.0835764705882377	0	0	0	0.762635294117658	0	0	L1_Sugars_Sweets_and_Beverages;L2_Nonalcoholic_beverages;L3_Tea;L4_Tea;L5_Tea_leaf;Tea_leaf_unsweetened
Chocolate sweet or dark	0	0	0.467058823529412	2.90660714285714	1.79525735294118	10.6912682941176	28.7241176470588	1.86823529411765	0	5.05007341176471	5.60470588235294	7.29779411764706	2.26231617647059	0	2.56882352941176	7.47294117647059	6.53882352941176	4.03568011764706	0	1.79525735294118	0	4.74356617647059	8.87411764705882	0	5.19602941176471	11.2094117647059	0	0	3.92621323529412	0	0	0	L1_Sugars_Sweets_and_Beverages;L2_Sugars_and_sweets;L3_Candies;L4_Candies;L5_Milk_or_white_chocolate;Chocolate_sweet_or_dark
Milk chocolate candy plain	0	0	0	0	1.44852941176471	0	0	0	0.254941176470588	1.07191176470588	0	0	2.08588235294118	1.73823529411765	2.31764705882353	0.463529411764706	0	1.39058823529412	1.15882352941176	0.999485294117647	0	0	0	0	3.15779411764706	0.637352941176471	2.31764705882353	0	0	0	0	0	L1_Sugars_Sweets_and_Beverages;L2_Sugars_and_sweets;L3_Candies;L4_Candies;L5_Milk_or_white_chocolate;Milk_chocolate_candy_plain
Reeses Peanut Butter Cup	1.9712	0	3.9424	0	0	0	0	1.9712	0	0	0	0	0	0	5.47877647058824	5.68169411764706	0	0	1.21750588235294	0	0	1.9712	0	0	0	0	2.84084705882353	0	1.9712	0	0	0	L1_Sugars_Sweets_and_Beverages;L2_Sugars_and_sweets;L3_Candies;L4_Candies;L5_Peanut_butter_candy;Reeses_Peanut_Butter_Cup
Jam preserves all flavors	0	7.30065	0	0	0	0	0	0	0	0	0.8589	0	0	1.7178	0	4.2945	0	5.1534	0	0	0.8589	0	0	0	3.4356	0	0	1.28835	0	0	0	0	L1_Sugars_Sweets_and_Beverages;L2_Sugars_and_sweets;L3_Jellies_jams_preserves;L4_Jellies_jams_preserves;L5_Preserves;Jam_preserves_all_flavors
Sugar white granulated or lump	0.338167647058824	0	0	0	0	0	0	0	0	0	0.0823364705882353	0	0	0	0	0.494018823529412	0	0	0.494018823529412	0.494018823529412	0	0	0.988037647058824	0	0	0	1.97607529411765	0.988037647058824	0	0	5.14602941176471	0	L1_Sugars_Sweets_and_Beverages;L2_Sugars_and_sweets;L3_Sugars_and_sugarsugar_substitute_blends;L4_Sugars_and_sugarsugar_substitute_blends;L5_Sugar_white;Sugar_white_granulated_or_lump
Honey	0	0.54403125	0	0	0	0.512029411764706	0	1.02405882352941	1.02405882352941	0	0	3.07217647058824	2.56014705882353	3.07217647058824	0	2.04811764705882	6.82705882352941	0	0	15.3608823529412	0	0	0	0	0	6.65638235294118	0	2.04811764705882	4.09623529411765	0	0	0	L1_Sugars_Sweets_and_Beverages;L2_Sugars_and_sweets;L3_Syrups_honey_molasses_sweet_toppings;L4_Syrups_honey_molasses;L5_Honey;Honey
Maple syrup 100 maple 	0	2.9579375	0	0	0	2.38623529411765	1.59082352941176	0	0	0	0	1.59082352941176	1.59082352941176	0	0	3.97705882352941	0	0	3.97705882352941	0	0	0	0	0	0	1.59082352941176	0	5.51816911764706	0.795411764705882	0	0	0	L1_Sugars_Sweets_and_Beverages;L2_Sugars_and_sweets;L3_Syrups_honey_molasses_sweet_toppings;L4_Syrups_honey_molasses;L5_Thin_syrups;Maple_syrup_100_maple_
Water bottled unsweetened	0.0295303529411779	0	0.133718941176501	0	0	0	0.00588517647058912	0	0	0.00941629411764546	0	0	0	0.0449362941176532	0	0.175649882352938	0	0.00990729411764633	0.00529664705882236	0	0	0.00588517647058912	0.0186375294117616	0.00295999999999985	0.0199225294117582	0.207495999999962	0.29812423529416	0	0	0.00417882352941072	0.00167152941176596	0.0231228235294071	L1_Sugars_Sweets_and_Beverages;L2_Water_noncarbonated;L3_Water_bottled;L4_;L5_;Water_bottled_unsweetened
Water tap	1.85261176470584	2.20445999999989	0.0898447058823622	0.22665142857144	0.167152941176476	3.01920000000002	0.0654682352941169	1.42275011764704	0.683237647058784	0.27893647058822	0.357185647058813	0.153223529411762	0.195011764705896	1.13855529411766	2.71835952941176	0.367736470588229	0.923171764705927	1.13246117647057	0.901546352941171	1.20280470588233	1.31284705882354	1.24145882352943	0.697306352941182	0.0148000000000011	0.0362164705882352	0.0814870588235238	0.0139294117647069	0.995952941176524	0.0936752941176619	0.285100235294128	0.161581176470594	0.982197647058797	L1_Sugars_Sweets_and_Beverages;L2_Water_noncarbonated;L3_Water_not_bottled;L4_;L5_;Water_tap
Endive chicory escarole or romaine lettuce raw	0.270802941176471	0.047954625	0.0451338235294118	0	2.52749411764706	0	0.0902676470588235	0.541605882352941	0	0.270802941176471	1.44428235294118	0.149805882352941	0	0	0.120362882352941	0	0.135401470588235	0.722141176470588	0.112834529411765	0	1.29384229411765	0	0	0	0.541605882352941	0.135401470588235	0.0222788235294118	0	0	0	0	0	L1_Vegetables;L2_Darkgreen_vegetables;L3_Darkgreen_leafy_vegetables;L4_Darkgreen_leafy_vegetables;L5_Endive_chicory_escarole_or_romain_lettuce;Endive_chicory_escarole_or_romaine_lettuce_raw
Kale cooked from fresh fat not added in cooking	0	0	0.905220588235294	0	0	0	0	0	0	0	1.44835294117647	0	11.4057794117647	0	0	0	0	0	0	0	0	0	0	0	0	2.89670588235294	0	1.44835294117647	0.905220588235294	0	0	0.543132352941176	L1_Vegetables;L2_Darkgreen_vegetables;L3_Darkgreen_leafy_vegetables;L4_Darkgreen_leafy_vegetables;L5_Kale;Kale_cooked_from_fresh_fat_not_added_in_cooking
Spinach raw	0	0.2821875	0.313019764705882	2.70285714285714	0	0.0758823529411765	0.796764705882353	0	0	0	0.0379411764705882	0	0	0.0758823529411765	0.177063882352941	0.303529411764706	0	0.578602941176471	0	0	0	0.455294117647059	0	0	0	0	0.0303529411764706	0.0758823529411765	0	0	0	0.303529411764706	L1_Vegetables;L2_Darkgreen_vegetables;L3_Darkgreen_leafy_vegetables;L4_Darkgreen_leafy_vegetables;L5_Spinach;Spinach_raw
Broccoli cooked from fresh fat not added in cooking	0	0	1.03694117647059	0	0	0	0	0	1.29617647058824	0.777705882352941	0	0	0	0	0	0.518470588235293	0.265882352941176	3.88852941176471	0	0	0	1.03694117647059	0	0	0.129617647058824	1.95423529411765	0	0	0	0	0	0	L1_Vegetables;L2_Darkgreen_vegetables;L3_Darkgreen_nonleafy_vegetables;L4_Broccoli;L5_;Broccoli_cooked_from_fresh_fat_not_added_in_cooking
Carrots cooked from fresh fat not added in cooking	0	0	1.42877647058824	0	0	1.22117647058824	0	0	0	0	0.33216	0	0	0	0	0	0.0854823529411765	0	0	0	0	0.136771764705882	0	0	0	0	0	0	0	0	0	0	L1_Vegetables;L2_Deepyellow_vegetables;L3_Carrots;L4_Carrots;L5_Carrots_cooked;Carrots_cooked_from_fresh_fat_not_added_in_cooking
Carrots raw	0.915274235294118	0	1.08920217647059	0	0.609608823529412	0.123988235294118	4.14241247058824	0.402100647058824	0.189426470588235	0.137764705882353	0.473566176470588	0.110211764705882	6.29929117647059	0.210091176470588	3.20991764705882	2.10091176470588	0.757705823529412	1.38453523529412	1.46719411764706	0	0.189426470588235	0	0.105045588235294	0	0	0.495952941176471	0.236783058823529	0	0.0826588235294118	0	0	0	L1_Vegetables;L2_Deepyellow_vegetables;L3_Carrots;L4_Carrots;L5_Carrots_raw;Carrots_raw
Cucumber pickles dill	0.233470588235294	0.71938125	0.222630882352941	0.1134	0	0	0	0	0	0.0933882352941176	0.0933882352941175	0	0	0	0	0.246811764705883	0	0	0	0	0	0.140082352941176	0.323106588235294	0	0.116735294117647	0	0.0466941176470588	0	0	0	0	0.140082352941176	L1_Vegetables;L2_Other_vegetables;L3_Olives_pickles_relishes_excluding_tomatoes;L4_;L5_;Cucumber_pickles_dill
Mustard	0.523051411764706	0.216875	0.102058823529412	0	0	0	0.638122764705882	0	0	0.153088235294118	0.357205882352941	0	0	0	0.153088235294118	0	0	0	0	0	0	0	0	0	0	0.529685294117647	0.204117647058824	0	0.159466882352941	0	0	0	L1_Vegetables;L2_Other_vegetables;L3_Olives_pickles_relishes_excluding_tomatoes;L4_;L5_;Mustard
Garlic cooked	0	0	0	0.0591714285714286	0	0.243647058823529	0	0.0243647058823529	0.327705294117647	0.0974588235294118	0.0487294117647059	0.389835294117647	0	0	0.194917647058824	0.101113529411765	0	0.0243647058823529	0	0	0	0	0.247301764705882	0	0.0730941176470588	0.146188235294118	0	0	0	0	0.101113529411765	0.101113529411765	L1_Vegetables;L2_Other_vegetables;L3_Other_vegetables_cooked;L4_Other_vegetables_cooked;L5_Eggplant_squash_flowers_or_hominy;Garlic_cooked
Onions mature cooked or sauteed from fresh fat added in cooking W VEGETABLE OIL NFS INCLUDE OIL NFS 	2.33463529411765	0.483078125	0	0.410857142857143	0	0.257994117647059	0	0	0	0.992854411764706	0	0.507529411764706	0	1.61352058823529	0	0.227330882352941	0	0	0	3.05152058823529	0	0	0.915667647058824	0	0	0	0	0	0	0	0.454661764705882	2.22467058823529	L1_Vegetables;L2_Other_vegetables;L3_Other_vegetables_cooked;L4_Other_vegetables_cooked;L5_Onions_palm_hearts_or_parsley;Onions_mature_cooked_or_sauteed_from_fresh_fat_added_in_cooking_W_VEGETABLE_OIL_NFS_INCLUDE_OIL_NFS_
Peas green cooked from frozen fat not added in cooking	0.739411764705882	0	0	0	0	0	0	0.985882352941177	0.492941176470588	0	0.985882352941177	0	11.3376470588235	0	0	0	0	0	2.46470588235294	0	0	0	0	0	1.47882352941176	0	0	0	0	0	0	0	L1_Vegetables;L2_Other_vegetables;L3_Other_vegetables_cooked;L4_Other_vegetables_cooked;L5_Peas_green;Peas_green_cooked_from_frozen_fat_not_added_in_cooking
Celery raw	0.0107529411764706	0.0856874999999999	1.11830588235294	0	0	0	0.322588235294118	0	0	0	0	0.0430117647058823	2.93017647058824	0	0	0	0.383073529411765	0.440870588235295	0	0	0.0806470588235294	0	0	0	0	0.537647058823529	0	0	0	0	0	0	L1_Vegetables;L2_Other_vegetables;L3_Other_vegetables_raw;L4_Other_vegetables_raw;L5_;Celery_raw
Cilantro raw	0.119141176470588	0	0.00687347058823529	0.0122414285714286	0	0.0274941176470588	0.0183294117647059	0	0.0274941176470588	0	0.00916470588235294	0	0	0	0	0.02337	0	0	0	0	0	0	0.0119141176470588	0	0	0	0.00962294117647059	0	0	0	0	0	L1_Vegetables;L2_Other_vegetables;L3_Other_vegetables_raw;L4_Other_vegetables_raw;L5_;Cilantro_raw
Cucumber raw	0.470302941176471	0.0456011875	0.11445	0	0	0	0.0143062352941176	0.568763588235294	0	0.0555418823529412	0.665420823529412	0.219282352941176	0.386629411764706	0.057225	0.157368764705882	0	0	0.278983235294118	0.352486764705882	0	0	0	0.303917647058823	0	0.126231588235294	0.538588235294118	0	0	0	0.0286124705882353	0	0.298146941176471	L1_Vegetables;L2_Other_vegetables;L3_Other_vegetables_raw;L4_Other_vegetables_raw;L5_;Cucumber_raw
Lettuce arugula raw	0	0	0.227575176470588	0	0	0	0.406375823529412	0.146294117647059	0.0975294117647059	0	0.109720588235294	0.195058823529412	0	0	0	0.292588235294118	0.329161764705882	0	0	0.0121911764705882	0.0650228823529412	0	0.195058823529412	0	0	0.0731470588235294	0.0195058823529412	0	0	0	0	0	L1_Vegetables;L2_Other_vegetables;L3_Other_vegetables_raw;L4_Other_vegetables_raw;L5_;Lettuce_arugula_raw
Lettuce raw	0.0705294117647059	0.243546875	0.299764058823529	0	0.141058823529412	0.0128235294117647	0.0705294117647059	0.0352647058823529	0.634764705882354	0.0954621764705883	0.0416764705882353	0	0	0.277716588235294	0.0469661764705882	0.0176323529411765	0.123426470588235	0.476073529411765	0.202772058823529	0.0769411764705882	0	0	0	0	0.0384705882352941	0	0.0740558823529411	0	0.0705294117647059	0.108679411764706	0.390797058823529	0.0737352941176471	L1_Vegetables;L2_Other_vegetables;L3_Other_vegetables_raw;L4_Other_vegetables_raw;L5_;Lettuce_raw
Mixed salad greens raw	0.287294117647059	0.407	1.83550294117647	0	0	0.191529411764706	1.11726764705882	0	0.0478823529411765	0.287294117647059	2.68141176470588	0	0	0	0.861882352941176	0	0.646411764705882	0.430941176470588	0	0	0.383058823529412	0	0	0	0	0.718235294117647	0.555435294117646	0	0.191529411764706	0	0.287294117647059	0.957647058823529	L1_Vegetables;L2_Other_vegetables;L3_Other_vegetables_raw;L4_Other_vegetables_raw;L5_;Mixed_salad_greens_raw
Onions mature raw	0	1.2387375	0.179364705882353	0.311142857142857	0.941664705882353	0.256235294117647	1.49577352941176	0	0	0.8712	0.877657117647059	0	0	0.112743529411765	2.85066888235294	0.256235294117647	0	0.720738588235294	0.0896823529411765	0	0	0	0	0.27225	0	0.128117647058824	0	0	0	0.0896823529411765	0	0.4356	L1_Vegetables;L2_Other_vegetables;L3_Other_vegetables_raw;L4_Other_vegetables_raw;L5_;Onions_mature_raw
Pepper sweet green raw	0	0	0.903695941176471	0	0.0669404117647059	0	2.81149852941177	0	0	0.0664911764705882	1.29230988235294	0	0	0.398947058823529	0	0	0	0.779164058823529	0.106925	0	0	0	0	0	0	0	0	0	0.251588235294118	0	0	0	L1_Vegetables;L2_Other_vegetables;L3_Other_vegetables_raw;L4_Other_vegetables_raw;L5_;Pepper_sweet_green_raw
Salsa red commercially prepared	0.49541205882353	0.420965625	1.74870294117647	0	0	0.545016588235294	0	0	1.18892564705882	0.0990507058823529	0.650950294117647	0	5.34873947058824	0	0.198101470588235	0	0.339875294117647	0.29746905882353	1.82468158823529	0	1.12204670588235	0.792405882352941	1.11213047058824	0	0	0.792564294117647	2.00329105882353	0	0.0496045882352942	0	0.396202941176471	0	L1_Vegetables;L2_Tomatoes_and_tomato_mixtures;L3_Tomato_sauces;L4_Tomato_sauces;L5_Chili_sauce_or_salsa;Salsa_red_commercially_prepared
Spaghetti sauce meatless	0.238291882352941	0	0	0.578708857142857	0	0	0	0	0	0.238291882352941	0	0	2.38291905882353	0	1.66804335294118	0	0	2.38291911764706	0.476583823529412	0	0	0.476583823529412	0.119145941176471	0	0	0	0	0	0	0	0	0	L1_Vegetables;L2_Tomatoes_and_tomato_mixtures;L3_Tomato_sauces;L4_Tomato_sauces;L5_Spaghetti_sauce;Spaghetti_sauce_meatless
Tomato catsup	3.67023217647059	0	0	1.98064285714286	0	0	0.815558823529412	0.815558823529412	0	0.543705882352941	0.543705882352941	0	0	0.271852941176471	0.634323529411765	0	0	2.99038235294118	0	0	0.362470588235294	0.507458823529412	0	0	0	0	1.08741176470588	1.35926470588235	0	2.44667647058824	0.815558823529412	0	L1_Vegetables;L2_Tomatoes_and_tomato_mixtures;L3_Tomato_sauces;L4_Tomato_sauces;L5_Tomato_catsup;Tomato_catsup
Tomatoes cooked from fresh NS as to method	0	0	0	0	0	0.197188235294118	0	0	0	0	0.582682352941176	0	0	0.788752941176471	0	0.426352941176471	0	0.54004705882353	0	0.792305882352942	0	0	0.639529411764706	0	0.106588235294118	0	0	0	0	1.47447058823529	0	0.179423529411765	L1_Vegetables;L2_Tomatoes_and_tomato_mixtures;L3_Tomatoes_cooked;L4_Tomatoes_cooked;L5_Tomatoes_cooked_NS;Tomatoes_cooked_from_fresh_NS_as_to_method
Tomatoes raw	0.108794117647059	0.57796875	1.51347605882353	0	0	0	1.78744705882353	1.09700735294118	0.483529411764706	0.195426470588235	2.05076911764706	0	0	1.5892	0.772035294117647	0.193411764705882	0.217588235294118	1.01440441176471	0.881474117647059	0	0.120076470588235	0	1.57276	0.30825	0.564117647058824	0	0.326382352941176	0	0	0.322352941176471	0.451294117647059	0	L1_Vegetables;L2_Tomatoes_and_tomato_mixtures;L3_Tomatoes_raw;L4_Tomatoes_raw;L5_Tomatoes_raw;Tomatoes_raw
White potato chips regular cut	0	3.05375	2.15558823529412	6.98	0	6.43802352941176	11.8413647058824	0	1.03468235294118	0	0	0	0	0	0	0	0	1.60950588235294	1.60950588235294	0	0	12.5311529411765	0	0	0	0	0	3.59264705882353	1.03468235294118	1.43705882352941	2.12684705882353	0	L1_Vegetables;L2_White_potatoes_and_Puerto_Rican_starchy_vegetables;L3_White_potatoes_chips_and_sticks;L4_White_potatoes_chips_and_sticks;L5_White_potato_chips;White_potato_chips_regular_cut
