	PD_whole_tree	shannon	chao1	simpson	observed_otus
MCT.f.0065	42.0	2.9151959938	8.0	0.861678004535	8.0
MCT.f.0070	31.0	2.20510990007	6.0	0.719723183391	6.0
MCT.f.0071	22.0	1.79248125036	7.0	0.666666666667	4.0
MCT.f.0072	22.0	1.83659166811	4.0	0.691358024691	4.0
MCT.f.0073	18.0	1.35164411515	3.0	0.567901234568	3.0
MCT.f.0074	40.0	2.69951385032	7.25	0.836734693878	7.0
MCT.f.0095	39.0	2.49583893875	11.0	0.774305555556	8.0
MCT.f.0099	30.0	2.18954151734	5.0	0.76124567474	5.0
MCT.f.0100	42.0	2.92119213163	8.0	0.864197530864	8.0
MCT.f.0260	19.0	1.89106111207	4.0	0.716049382716	4.0
MCT.f.0269	28.0	2.22439444541	5.0	0.771604938272	5.0
MCT.f.0449	28.0	2.15563906223	6.5	0.75	5.0
MCT.f.0512	56.0	2.91195839686	11.6	0.802571166208	11.0
MCT.f.0562	20.0	1.91829583405	4.33333333333	0.722222222222	4.0
MCT.f.0563	44.0	2.85845859334	9.0	0.8515625	8.0
MCT.f.0564	41.0	2.39953722509	13.0	0.775623268698	7.0
MCT.f.0566	18.0	1.24067053168	3.0	0.512396694215	3.0
MCT.f.0598	27.0	2.15563906223	6.5	0.75	5.0
MCT.f.0621	37.0	2.33971468341	9.5	0.739197530864	8.0
MCT.f.0622	25.0	1.21841083444	6.33333333333	0.391581632653	6.0
MCT.f.0624	25.0	1.6629403303	6.0	0.611570247934	5.0
MCT.f.0625	48.0	2.84259084513	10.5	0.832936979786	10.0
MCT.f.0086	25.0	2.09046857073	5.0	0.745	5.0
MCT.f.0120	60.0	3.25007787502	19.5	0.87514863258	12.0
MCT.f.0121	59.0	3.17966946192	14.0	0.870392390012	11.0
MCT.f.0122	64.0	3.34996542357	12.75	0.887052341598	12.0
MCT.f.0123	59.0	3.14053226266	21.0	0.864795918367	11.0
MCT.f.0124	58.0	3.0981752905	17.0	0.861495844875	11.0
MCT.f.0125	54.0	3.1367345482	21.0	0.865636147444	11.0
MCT.f.0128	64.0	3.36933126111	17.0	0.892857142857	12.0
MCT.f.0129	55.0	3.19968779473	10.3333333333	0.884615384615	10.0
MCT.f.0130	58.0	3.43383022477	16.0	0.893351800554	13.0
MCT.f.0131	59.0	3.20777806886	17.0	0.87825182102	11.0
MCT.f.0132	60.0	3.19615478093	16.0	0.87074829932	11.0
MCT.f.0133	63.0	3.18501508254	14.5	0.8528	13.0
MCT.f.0134	52.0	3.16520329657	12.5	0.863905325444	11.0
MCT.f.0135	49.0	2.99285605016	10.5	0.863636363636	9.0
MCT.f.0136	45.0	2.76587635847	9.0	0.837098692033	8.0
MCT.f.0392	11.0	0.787126586201	2.0	0.359861591696	2.0
MCT.f.0393	30.0	2.16070475289	6.33333333333	0.712802768166	6.0
MCT.f.0394	23.0	1.83659166811	4.0	0.691358024691	4.0
MCT.f.0396	23.0	1.4885252949	5.0	0.556213017751	4.0
MCT.f.0398	32.0	2.44643934467	7.0	0.8	6.0
MCT.f.0399	33.0	2.31582433353	7.5	0.769230769231	6.0
MCT.f.0400	20.0	1.68581570915	4.0	0.628099173554	4.0
MCT.f.0401	18.0	1.5	3.5	0.625	3.0
MCT.f.0402	23.0	1.72192809489	5.0	0.66	4.0
MCT.f.0403	21.0	1.91829583405	4.33333333333	0.722222222222	4.0
MCT.f.0404	12.0	0.591672778582	2.0	0.244897959184	2.0
MCT.f.0405	12.0	0.918295834054	2.0	0.444444444444	2.0
MCT.f.0406	17.0	1.58496250072	6.0	0.666666666667	3.0
MCT.f.0407	28.0	2.17095059445	5.5	0.76	5.0
MCT.f.0408	28.0	2.15563906223	6.5	0.75	5.0
MCT.f.0477	45.0	2.73291456398	9.5	0.817777777778	8.0
MCT.f.0478	45.0	2.92745122496	10.5	0.845679012346	9.0
MCT.f.0479	41.0	2.82614444936	10.5	0.835555555556	9.0
MCT.f.0480	33.0	2.18003653258	7.5	0.734375	6.0
MCT.f.0481	32.0	1.94913786527	7.5	0.641975308642	6.0
MCT.f.0485	30.0	2.35274578087	6.33333333333	0.775510204082	6.0
MCT.f.0486	40.0	2.86595732095	8.0	0.85	8.0
MCT.f.0487	41.0	2.74716719731	8.75	0.827160493827	8.0
MCT.f.0488	28.0	2.05503653258	5.0	0.7265625	5.0
MCT.f.0489	6.0	-0.0	1.0	0.0	1.0
MCT.f.0490	23.0	1.87101912088	4.0	0.709141274238	4.0
MCT.f.0491	29.0	2.12112747334	5.0	0.75	5.0
MCT.f.0492	39.0	2.6100053708	7.0	0.821428571429	7.0
MCT.f.0493	29.0	2.32995747484	6.0	0.771604938272	6.0
MCT.f.0523	63.0	3.0339099535	18.0	0.832703213611	13.0
MCT.f.0569	22.0	1.42560519902	4.0	0.515555555556	4.0
MCT.f.0571	34.0	2.12581458369	9.0	0.694444444444	6.0
MCT.f.0572	28.0	2.00488616409	8.0	0.710743801653	5.0
MCT.f.0573	24.0	2.25162916739	8.0	0.777777777778	5.0
MCT.f.0574	11.0	1.0	3.0	0.5	2.0
MCT.f.0575	28.0	2.11807820935	5.5	0.743801652893	5.0
MCT.f.0576	29.0	2.02426006669	5.0	0.710775047259	5.0
MCT.f.0579	11.0	0.811278124459	2.0	0.375	2.0
MCT.f.0580	18.0	1.58496250072	3.0	0.666666666667	3.0
MCT.f.0581	29.0	2.3804304878	6.0	0.782006920415	6.0
MCT.f.0582	23.0	1.55109817101	5.0	0.583333333333	4.0
MCT.f.0583	18.0	1.44881563573	3.0	0.612244897959	3.0
MCT.f.0584	25.0	1.88109476011	5.33333333333	0.650887573964	5.0
MCT.f.0585	28.0	2.19968779473	5.0	0.769230769231	5.0
MCT.f.0586	29.0	2.39046857073	6.0	0.79	6.0
MCT.f.0587	30.0	2.28735181444	7.0	0.7744	6.0
MCT.f.0588	31.0	2.41308843643	7.5	0.793388429752	6.0
MCT.f.0589	35.0	2.27095059445	6.5	0.765	6.0
MCT.f.0590	11.0	0.918295834054	2.0	0.444444444444	2.0
MCT.f.0591	29.0	1.53651482556	8.0	0.592152199762	5.0
MCT.f.0592	17.0	1.5	3.5	0.625	3.0
MCT.f.0593	32.0	2.29207175246	7.0	0.764542936288	6.0
MCT.f.0594	23.0	1.74899922306	4.0	0.671875	4.0
MCT.f.0595	23.0	1.8512268159	4.0	0.698961937716	4.0
MCT.f.0127	52.0	3.29301278874	12.5	0.889417360285	11.0
MCT.f.0154	11.0	0.918295834054	2.0	0.444444444444	2.0
MCT.f.0155	27.0	2.13909765557	5.0	0.75	5.0
MCT.f.0156	28.0	1.97664809167	5.0	0.69387755102	5.0
MCT.f.0158	31.0	2.53049305676	6.0	0.820987654321	6.0
MCT.f.0160	11.0	0.918295834054	2.0	0.444444444444	2.0
MCT.f.0164	23.0	1.84237099318	4.5	0.69387755102	4.0
MCT.f.0165	35.0	2.37095059445	12.0	0.78	6.0
MCT.f.0166	34.0	2.44661666763	6.0	0.796296296296	6.0
MCT.f.0167	34.0	2.07781953111	7.5	0.6875	6.0
MCT.f.0168	28.0	1.92321967234	5.0	0.675	5.0
MCT.f.0169	33.0	2.39624062518	9.0	0.791666666667	6.0
MCT.f.0170	23.0	1.56280663169	5.0	0.613333333333	4.0
MCT.f.0240	30.0	2.57095059445	6.0	0.83	6.0
MCT.f.0241	33.0	2.41379956461	6.5	0.795918367347	6.0
MCT.f.0242	39.0	2.71929452567	23.0	0.816568047337	8.0
MCT.f.0324	33.0	2.33379987012	6.0	0.775047258979	6.0
MCT.f.0332	43.0	2.77440191929	9.0	0.833333333333	8.0
MCT.f.0335	40.0	2.6644977792	7.2	0.826530612245	7.0
MCT.f.0358	48.0	2.95430295147	12.0	0.8576	9.0
MCT.f.0360	45.0	2.55887184845	10.0	0.785	8.0
MCT.f.0361	28.0	2.23127025461	5.0	0.776859504132	5.0
MCT.f.0363	21.0	1.84237099318	4.0	0.69387755102	4.0
MCT.f.0365	34.0	2.22219157551	9.0	0.727272727273	6.0
MCT.f.0366	34.0	2.39624062518	9.0	0.791666666667	6.0
MCT.f.0417	18.0	1.72957395851	4.0	0.652777777778	4.0
MCT.f.0443	34.0	2.35538854221	7.5	0.777777777778	6.0
MCT.f.0444	47.0	2.92779897029	12.0	0.852607709751	9.0
MCT.f.0445	28.0	1.77355726228	8.0	0.631111111111	5.0
MCT.f.0446	47.0	2.98418371978	9.75	0.86	9.0
MCT.f.0447	42.0	2.84022392894	8.6	0.844444444444	8.0
MCT.f.0448	37.0	2.78063906223	11.0	0.8359375	8.0
MCT.f.0450	37.0	2.79334519419	8.75	0.837370242215	8.0
MCT.f.0451	37.0	2.48855486219	8.5	0.79012345679	7.0
MCT.f.0452	23.0	1.7717822216	4.0	0.6796875	4.0
MCT.f.0453	32.0	2.31582433353	7.5	0.769230769231	6.0
MCT.f.0454	41.0	2.52439747035	8.0	0.796875	7.0
MCT.f.0456	16.0	2.25	5.25	0.78125	5.0
MCT.f.0457	31.0	2.35560790215	6.0	0.780045351474	6.0
MCT.f.0458	43.0	2.93604344964	9.25	0.852071005917	9.0
MCT.f.0459	37.0	2.91397707318	10.5	0.859504132231	8.0
MCT.f.0472	23.0	1.66918033687	4.0	0.627218934911	4.0
MCT.f.0473	17.0	1.41955629857	3.0	0.591715976331	3.0
MCT.f.0476	32.0	1.77170899622	7.5	0.632674297607	6.0
MCT.f.0616	23.0	1.55460976127	4.0	0.577777777778	4.0
MCT.f.0617	37.0	2.20129262913	10.0	0.723765432099	7.0
MCT.f.0069	22.0	1.50161447181	4.0	0.5546875	4.0
MCT.f.0239	28.0	2.12127635783	5.0	0.747922437673	5.0
MCT.f.0245	29.0	2.25162916739	8.0	0.777777777778	5.0
MCT.f.0248	22.0	1.73814933319	4.0	0.662721893491	4.0
MCT.f.0250	11.0	0.721928094887	2.0	0.32	2.0
MCT.f.0251	18.0	1.5	3.5	0.625	3.0
MCT.f.0252	24.0	1.91829583405	4.33333333333	0.722222222222	4.0
MCT.f.0254	16.0	1.45914791703	3.0	0.611111111111	3.0
MCT.f.0460	54.0	2.97095059445	17.5	0.84	10.0
MCT.f.0461	42.0	2.46132014021	13.0	0.746913580247	8.0
MCT.f.0463	28.0	2.25162916739	8.0	0.777777777778	5.0
MCT.f.0465	17.0	1.48547529723	3.0	0.62	3.0
MCT.f.0467	23.0	1.3244602933	5.0	0.484375	4.0
MCT.f.0468	22.0	1.08923007884	7.0	0.367346938776	4.0
MCT.f.0469	23.0	1.3244602933	5.0	0.484375	4.0
MCT.f.0470	27.0	1.80790457512	6.0	0.657844990548	5.0
MCT.f.0471	23.0	1.79248125036	7.0	0.666666666667	4.0
MCT.f.0533	12.0	1.0	3.0	0.5	2.0
MCT.f.0534	44.0	2.71520880617	9.0	0.825396825397	8.0
MCT.f.0542	53.0	2.94908229535	11.2	0.836805555556	10.0
MCT.f.0543	36.0	2.58858263957	11.0	0.804897959184	8.0
MCT.f.0001	28.0	2.23592635063	5.0	0.775510204082	5.0
MCT.f.0002	27.0	2.25162916739	8.0	0.777777777778	5.0
MCT.f.0003	32.0	2.14643934467	6.33333333333	0.725	6.0
MCT.f.0004	37.0	2.89542387028	8.25	0.858131487889	8.0
MCT.f.0005	21.0	1.92192809489	5.5	0.72	4.0
MCT.f.0007	43.0	2.86595732095	8.0	0.85	8.0
MCT.f.0008	29.0	2.50325833478	6.75	0.814814814815	6.0
MCT.f.0009	22.0	1.83392721764	4.0	0.686390532544	4.0
MCT.f.0010	28.0	2.23399790784	7.0	0.742382271468	6.0
MCT.f.0011	49.0	2.79120046481	10.0	0.82304526749	9.0
MCT.f.0012	27.0	1.85656476213	5.5	0.648888888889	5.0
MCT.f.0013	27.0	2.02257976184	6.0	0.72	5.0
MCT.f.0014	44.0	2.81837582785	19.0	0.835538752363	9.0
MCT.f.0015	32.0	2.43225744855	7.25	0.775510204082	7.0
MCT.f.0016	44.0	2.87503382732	10.0	0.835538752363	9.0
MCT.f.0017	39.0	2.21534727558	8.0	0.722222222222	7.0
MCT.f.0205	12.0	0.811278124459	2.0	0.375	2.0
MCT.f.0207	17.0	1.25162916739	4.0	0.5	3.0
MCT.f.0208	26.0	2.25690898956	5.0	0.782006920415	5.0
MCT.f.0211	22.0	1.78415912785	4.0	0.680555555556	4.0
MCT.f.0214	23.0	1.61718957259	5.0	0.611570247934	4.0
MCT.f.0216	17.0	1.35164411515	3.0	0.567901234568	3.0
MCT.f.0217	24.0	1.68547529723	5.0	0.64	4.0
MCT.f.0219	23.0	1.72957395851	4.0	0.652777777778	4.0
MCT.f.0220	29.0	2.19715972342	5.33333333333	0.765432098765	5.0
MCT.f.0256	36.0	2.53186925698	7.5	0.801652892562	7.0
MCT.f.0257	24.0	2.24928706865	5.0	0.781163434903	5.0
MCT.f.0258	31.0	2.40308804592	6.0	0.793950850662	6.0
MCT.f.0259	36.0	2.36957100386	13.0	0.759259259259	7.0
MCT.f.0261	47.0	2.72478631873	20.0	0.813412655489	10.0
MCT.f.0264	38.0	2.49892956369	13.0	0.791111111111	7.0
MCT.f.0265	23.0	1.92977047844	5.0	0.701352757544	5.0
MCT.f.0266	40.0	2.76595732095	9.5	0.835	8.0
MCT.f.0267	33.0	2.52257165004	7.0	0.803324099723	7.0
MCT.f.0268	32.0	2.19715972342	6.5	0.728395061728	6.0
MCT.f.0270	30.0	2.49954504915	7.0	0.778696051423	7.0
MCT.f.0271	37.0	2.43706583152	8.5	0.775623268698	7.0
MCT.f.0272	33.0	2.48171457299	7.5	0.785123966942	7.0
MCT.f.0614	18.0	1.35203010176	4.5	0.485207100592	4.0
MCT.f.0138	34.0	2.43926814625	6.0	0.803324099723	6.0
MCT.f.0139	44.0	2.88954943086	12.3333333333	0.837370242215	9.0
MCT.f.0140	22.0	1.91829583405	4.33333333333	0.722222222222	4.0
MCT.f.0142	17.0	1.58496250072	6.0	0.666666666667	3.0
MCT.f.0143	18.0	1.5	3.0	0.625	3.0
MCT.f.0146	44.0	2.84643934467	8.33333333333	0.85	8.0
MCT.f.0147	23.0	1.81127812446	5.0	0.6875	4.0
MCT.f.0148	34.0	2.50738010242	6.0	0.816568047337	6.0
MCT.f.0149	23.0	1.66918033687	4.0	0.627218934911	4.0
MCT.f.0150	28.0	2.32192809489	15.0	0.8	5.0
MCT.f.0152	45.0	2.59938959162	11.0	0.798185941043	8.0
MCT.f.0153	24.0	1.81127812446	5.0	0.6875	4.0
MCT.f.0006	32.0	2.41592206384	6.0	0.791111111111	6.0
MCT.f.0605	16.0	1.52192809489	3.0	0.64	3.0
MCT.f.0606	49.0	2.61164158862	10.5	0.76370510397	9.0
MCT.f.0607	23.0	1.88285606369	4.0	0.7109375	4.0
MCT.f.0609	24.0	1.2319817814	4.0	0.432132963989	4.0
MCT.f.0610	34.0	2.22460175271	6.33333333333	0.734375	6.0
MCT.f.0602	20.0	1.91829583405	4.33333333333	0.722222222222	4.0
MCT.f.0108	53.0	2.89861591182	10.5	0.838134430727	10.0
MCT.f.0109	53.0	3.18196317583	12.0	0.864444444444	12.0
MCT.f.0110	59.0	3.22056036039	16.0	0.865497076023	13.0
MCT.f.0114	44.0	2.35702836216	9.5	0.745674740484	8.0
MCT.f.0116	50.0	2.76897920715	13.0	0.804938271605	10.0
MCT.f.0117	58.0	3.20185398896	11.3333333333	0.874424720579	11.0
MCT.f.0118	53.0	3.05768332941	11.0	0.831263696129	11.0
MCT.f.0319	34.0	2.36868160896	6.0	0.782006920415	6.0
MCT.f.0375	50.0	3.00370169606	17.5	0.85	10.0
MCT.f.0376	34.0	2.49560292373	10.0	0.785714285714	7.0
MCT.f.0377	33.0	2.38989809546	6.5	0.791111111111	6.0
MCT.f.0379	45.0	3.0391486719	11.5	0.867346938776	9.0
MCT.f.0380	61.0	3.4273334939	15.75	0.897959183673	12.0
MCT.f.0384	44.0	2.78989809546	10.0	0.835555555556	8.0
MCT.f.0385	32.0	2.45914791703	6.33333333333	0.805555555556	6.0
MCT.f.0386	38.0	2.55503653258	8.5	0.8046875	7.0
MCT.f.0388	48.0	3.06085546879	10.75	0.860946745562	10.0
MCT.f.0389	39.0	2.56507654234	7.33333333333	0.808864265928	7.0
MCT.f.0390	38.0	2.98009141225	9.33333333333	0.860946745562	9.0
MCT.f.0431	31.0	2.21702188588	7.5	0.734693877551	6.0
MCT.f.0434	41.0	2.31290729185	11.0	0.704861111111	8.0
MCT.f.0436	18.0	1.15677964945	3.0	0.46	3.0
MCT.f.0438	41.0	2.55217969707	10.0	0.808641975309	7.0
MCT.f.0439	41.0	2.84022392894	8.6	0.844444444444	8.0
MCT.f.0440	39.0	2.85845859334	9.0	0.8515625	8.0
MCT.f.0520	26.0	1.57889790299	5.5	0.54	5.0
MCT.f.0547	27.0	1.95281953111	5.0	0.6796875	5.0
MCT.f.0550	51.0	3.10567218427	20.0	0.87074829932	10.0
MCT.f.0551	51.0	3.09019987652	13.0	0.868055555556	10.0
MCT.f.0553	49.0	3.04554371156	13.0	0.865650969529	10.0
MCT.f.0557	26.0	2.05458516934	5.5	0.722222222222	5.0
MCT.f.0558	37.0	2.65150264087	7.0	0.826446280992	7.0
MCT.f.0561	28.0	2.06703149516	6.0	0.734693877551	5.0
MCT.f.0613	18.0	0.773228348525	4.0	0.272189349112	3.0
MCT.f.0615	20.0	1.61839410884	4.0	0.595155709343	4.0
MCT.f.0618	33.0	2.20623892865	7.5	0.737777777778	6.0
MCT.f.0620	42.0	2.79733081715	15.0	0.831632653061	9.0
MCT.f.0623	47.0	2.85590492247	11.0	0.834467120181	9.0
MCT.f.0626	31.0	2.16165592271	6.0	0.725694444444	6.0
MCT.f.0627	37.0	2.26236237739	8.5	0.716553287982	7.0
MCT.f.0302	29.0	2.11807820935	5.5	0.743801652893	5.0
MCT.f.0126	53.0	2.98469700253	11.5	0.84375	10.0
MCT.f.0243	29.0	2.11328333429	8.0	0.740740740741	5.0
MCT.f.0041	59.0	2.88124024102	14.3333333333	0.809917355372	11.0
MCT.f.0263	34.0	2.29004153608	7.5	0.732461355529	7.0
MCT.f.0330	38.0	2.43073572763	7.5	0.783163265306	7.0
MCT.f.0336	32.0	2.50325833478	6.75	0.814814814815	6.0
MCT.f.0340	35.0	2.35845859334	6.0	0.7734375	6.0
MCT.f.0411	28.0	2.25775606413	5.0	0.781065088757	5.0
MCT.f.0412	22.0	1.84237099318	4.5	0.69387755102	4.0
MCT.f.0413	17.0	1.22439444541	3.0	0.493827160494	3.0
MCT.f.0056	60.0	3.44268029401	13.6	0.891975308642	13.0
MCT.f.0060	47.0	2.78881761403	12.0	0.81811541271	10.0
MCT.f.0303	18.0	1.48322619697	4.0	0.548476454294	4.0
MCT.f.0318	29.0	1.96559623036	5.5	0.702222222222	5.0
MCT.f.0300	44.0	2.88888407054	10.0	0.8448	9.0
MCT.f.0301	32.0	2.27972085246	6.0	0.757369614512	6.0
MCT.f.0378	43.0	2.80735492206	9.5	0.836734693878	8.0
MCT.f.0409	17.0	1.40563906223	3.0	0.59375	3.0
MCT.f.0410	29.0	2.40563906223	7.0	0.796875	6.0
MCT.f.0418	24.0	2.29427406719	6.5	0.770083102493	6.0
MCT.f.0141	16.0	1.5	3.0	0.625	3.0
MCT.f.0151	26.0	2.05458516934	5.5	0.722222222222	5.0
MCT.f.0374	44.0	2.84237099318	10.0	0.84693877551	8.0
MCT.f.0483	24.0	1.59881679716	4.0	0.59375	4.0
MCT.f.0053	63.0	3.20522900274	23.3333333333	0.847222222222	14.0
MCT.f.0144	38.0	2.16096404744	10.0	0.69	7.0
MCT.f.0628	16.0	1.22072890211	5.0	0.448979591837	4.0
MCT.f.0331	36.0	2.55217969707	10.0	0.808641975309	7.0
MCT.f.0604	23.0	1.61718957259	5.0	0.611570247934	4.0
MCT.f.0212	12.0	1.0	3.0	0.5	2.0
MCT.f.0262	36.0	2.39875819327	8.25	0.724279835391	8.0
MCT.f.0087	18.0	1.50902751253	3.0	0.631578947368	3.0
MCT.f.0091	23.0	1.44474700331	4.0	0.551984877127	4.0
MCT.f.0092	18.0	1.09065280325	3.0	0.45867768595	3.0
MCT.f.0093	39.0	2.62938821985	7.0	0.820451843044	7.0
MCT.f.0094	20.0	1.4594911602	4.0	0.55325443787	4.0
MCT.f.0098	33.0	2.41287868934	6.0	0.7904	6.0
MCT.f.0137	23.0	1.48322619697	4.0	0.548476454294	4.0
MCT.f.0145	29.0	2.25162916739	8.0	0.777777777778	5.0
MCT.f.0367	23.0	1.71429775095	4.0	0.659279778393	4.0
MCT.f.0232	28.0	2.52192809489	6.2	0.82	6.0
MCT.f.0343	18.0	1.44881563573	3.0	0.612244897959	3.0
MCT.f.0348	17.0	1.05294076056	3.0	0.425925925926	3.0
MCT.f.0351	62.0	3.35005107516	80.0	0.855371900826	14.0
MCT.f.0356	27.0	2.05881389033	6.5	0.716049382716	5.0
MCT.f.0357	20.0	1.78992907531	4.0	0.677685950413	4.0
MCT.f.0597	23.0	1.83392721764	4.0	0.686390532544	4.0
MCT.f.0541	27.0	2.04643934467	8.0	0.72	5.0
MCT.f.0113	63.0	3.21851125507	13.1666666667	0.855034722222	13.0
MCT.f.0119	59.0	3.44774267858	15.5	0.893333333333	13.0
MCT.f.0325	35.0	2.08132205902	7.0	0.690082644628	6.0
MCT.f.0326	27.0	2.22957395851	5.0	0.777777777778	5.0
MCT.f.0327	28.0	2.01997309402	5.0	0.71	5.0
MCT.f.0328	43.0	3.05747607629	9.6	0.871972318339	9.0
MCT.f.0329	23.0	1.55109817101	5.0	0.583333333333	4.0
MCT.f.0333	35.0	2.39326968952	6.0	0.7872	6.0
MCT.f.0334	32.0	2.32192809489	9.0	0.76	6.0
MCT.f.0337	23.0	1.86763389097	4.0	0.710743801653	4.0
MCT.f.0338	43.0	2.79248125036	23.0	0.833333333333	8.0
MCT.f.0339	27.0	2.11807820935	5.5	0.743801652893	5.0
MCT.f.0395	34.0	2.68354236243	7.0	0.833333333333	7.0
MCT.f.0511	28.0	2.07416474302	5.0	0.724489795918	5.0
MCT.f.0513	72.0	3.26831041185	22.0	0.854166666667	15.0
MCT.f.0514	35.0	2.6812763696	7.0	0.834710743802	7.0
MCT.f.0516	32.0	2.64160416787	7.5	0.827160493827	7.0
MCT.f.0517	55.0	3.26278342898	11.3333333333	0.884083044983	11.0
MCT.f.0518	37.0	2.36386512195	8.0	0.76	7.0
MCT.f.0519	45.0	2.6776942711	9.5	0.819444444444	8.0
MCT.f.0521	47.0	3.12192809489	23.0	0.88	9.0
MCT.f.0522	45.0	2.94503869754	11.0	0.853185595568	9.0
MCT.f.0525	29.0	2.13393756609	5.0	0.745562130178	5.0
MCT.f.0526	31.0	2.41160221797	6.33333333333	0.792899408284	6.0
MCT.f.0527	52.0	3.07781953111	20.5	0.859375	10.0
MCT.f.0545	18.0	1.45914791703	3.0	0.611111111111	3.0
MCT.f.0549	32.0	2.19715972342	6.5	0.728395061728	6.0
MCT.f.0555	23.0	1.68948226702	4.0	0.648888888889	4.0
MCT.f.0565	22.0	1.92192809489	5.5	0.72	4.0
MCT.f.0567	17.0	1.49491884823	3.0	0.628099173554	3.0
MCT.f.0568	37.0	2.49560292373	10.0	0.785714285714	7.0
MCT.f.0570	29.0	2.07059344381	6.5	0.695652173913	6.0
MCT.f.0577	22.0	1.84643934467	4.0	0.7	4.0
MCT.f.0578	12.0	0.811278124459	2.0	0.375	2.0
MCT.f.0599	6.0	-0.0	1.0	0.0	1.0
MCT.f.0600	33.0	2.12994718448	9.0	0.730158730159	6.0
MCT.f.0601	6.0	-0.0	1.0	0.0	1.0
MCT.f.0603	12.0	0.918295834054	2.0	0.444444444444	2.0
MCT.f.0612	31.0	2.41829583405	6.25	0.791666666667	6.0
MCT.f.0055	72.0	3.69227968204	17.5	0.911550468262	15.0
MCT.f.0066	69.0	3.59115693488	16.0	0.897959183673	15.0
MCT.f.0596	11.0	1.0	3.0	0.5	2.0
MCT.f.0052	33.0	2.32850215871	7.0	0.76801332778	7.0
MCT.f.0057	42.0	2.75343438619	13.0	0.826530612245	8.0
MCT.f.0608	6.0	-0.0	1.0	0.0	1.0
MCT.f.0611	25.0	2.18872187554	5.0	0.763888888889	5.0
MCT.f.0063	36.0	2.60230379549	8.0	0.822916666667	7.0
MCT.f.0061	38.0	2.71077708442	7.0	0.83950617284	7.0
MCT.f.0059	31.0	2.35538854221	7.5	0.777777777778	6.0
MCT.f.0322	32.0	2.33603881526	10.0	0.75	7.0
MCT.f.0323	32.0	2.5	8.0	0.8125	6.0
MCT.f.0383	33.0	1.34777506062	6.0	0.415802469136	6.0
MCT.f.0075	23.0	1.84643934467	4.0	0.7	4.0
MCT.f.0353	22.0	2.0	10.0	0.75	4.0
MCT.f.0370	28.0	2.35538854221	7.5	0.777777777778	6.0
MCT.f.0387	21.0	1.55460976127	4.0	0.577777777778	4.0
MCT.f.0415	11.0	0.811278124459	2.0	0.375	2.0
MCT.f.0047	17.0	1.22857638003	3.0	0.544217687075	3.0
MCT.f.0371	54.0	3.13957226199	20.5	0.871111111111	10.0
MCT.f.0437	18.0	1.01011906806	3.0	0.381656804734	3.0
MCT.f.0048	12.0	0.994030211477	2.0	0.495867768595	2.0
MCT.f.0304	14.0	1.86312056857	4.0	0.704081632653	4.0
MCT.f.0321	46.0	2.93934861295	15.0	0.844993141289	10.0
MCT.f.0349	31.0	2.3804304878	6.0	0.782006920415	6.0
MCT.f.0364	33.0	2.15927680423	6.5	0.725623582766	6.0
MCT.f.0369	24.0	1.84643934467	4.0	0.7	4.0
MCT.f.0424	19.0	1.83659166811	4.0	0.691358024691	4.0
MCT.f.0426	37.0	2.62581458369	10.0	0.819444444444	7.0
MCT.f.0206	17.0	1.45914791703	3.0	0.611111111111	3.0
MCT.f.0422	14.0	1.29546184424	3.0	0.54	3.0
MCT.f.0244	16.0	1.5	3.5	0.625	3.0
MCT.f.0255	14.0	1.52192809489	3.0	0.64	3.0
MCT.f.0097	29.0	1.85206062541	5.0	0.647928994083	5.0
MCT.f.0538	29.0	1.93012496531	5.5	0.684444444444	5.0
MCT.f.0359	27.0	2.25162916739	8.0	0.777777777778	5.0
MCT.f.0054	40.0	2.67101111303	8.33333333333	0.814814814815	8.0
MCT.f.0112	64.0	3.1701366811	12.0	0.859523125539	12.0
MCT.f.0159	11.0	0.970950594455	2.0	0.48	2.0
MCT.f.0210	11.0	0.721928094887	2.0	0.32	2.0
MCT.f.0213	31.0	2.41829583405	6.25	0.791666666667	6.0
MCT.f.0227	33.0	2.26056729565	7.33333333333	0.727705112961	7.0
MCT.f.0233	46.0	3.18418371978	21.5	0.87	11.0
MCT.f.0296	41.0	2.70370169606	14.0	0.825	8.0
MCT.f.0313	45.0	2.86382639009	8.25	0.851851851852	8.0
MCT.f.0350	26.0	2.13909765557	5.0	0.75	5.0
MCT.f.0355	52.0	3.12808527889	38.0	0.867346938776	10.0
MCT.f.0423	22.0	1.48383170684	4.0	0.540816326531	4.0
MCT.f.0524	34.0	2.24059215662	10.0	0.734651404787	7.0
MCT.f.0416	22.0	1.68581570915	4.0	0.628099173554	4.0
MCT.f.0421	23.0	1.61433083516	5.0	0.627218934911	4.0
MCT.f.0035	35.0	2.52821294584	7.33333333333	0.8	7.0
MCT.f.0036	52.0	2.82192809489	13.75	0.795	10.0
MCT.f.0037	64.0	3.5646852674	16.5	0.903114186851	14.0
MCT.f.0038	68.0	3.32903662755	15.0	0.864250946458	14.0
MCT.f.0039	49.0	2.99939818235	11.75	0.831790123457	11.0
MCT.f.0040	49.0	2.96558393573	31.0	0.842105263158	10.0
MCT.f.0042	40.0	2.81630751922	8.16666666667	0.837370242215	8.0
MCT.f.0043	42.0	2.875	8.16666666667	0.8515625	8.0
MCT.f.0046	40.0	2.97355726228	11.5	0.853333333333	9.0
MCT.f.0051	37.0	2.91099225302	8.0	0.858131487889	8.0
MCT.f.0058	53.0	2.50219749263	15.0	0.772290809328	10.0
MCT.f.0088	23.0	1.88791850267	4.0	0.708333333333	4.0
MCT.f.0096	23.0	1.67290559532	4.0	0.631111111111	4.0
MCT.f.0101	22.0	1.77207725374	4.0	0.685185185185	4.0
MCT.f.0102	38.0	2.52439747035	8.0	0.796875	7.0
MCT.f.0157	40.0	2.48904075956	7.0	0.778827977316	7.0
MCT.f.0234	25.0	2.11328333429	5.0	0.740740740741	5.0
MCT.f.0249	38.0	2.68924642851	7.33333333333	0.835555555556	7.0
MCT.f.0253	23.0	1.78992907531	4.0	0.677685950413	4.0
MCT.f.0290	23.0	1.97095059445	4.0	0.74	4.0
MCT.f.0291	12.0	1.0	2.0	0.5	2.0
MCT.f.0292	24.0	1.75271527898	5.0	0.666666666667	4.0
MCT.f.0293	18.0	1.57095059445	3.0	0.66	3.0
MCT.f.0297	34.0	1.98082593623	6.5	0.652892561983	6.0
MCT.f.0306	17.0	1.04085208297	3.0	0.402777777778	3.0
MCT.f.0308	24.0	2.13393756609	5.0	0.745562130178	5.0
MCT.f.0391	36.0	2.67095059445	14.0	0.815	8.0
MCT.f.0482	22.0	1.84643934467	4.0	0.7	4.0
MCT.f.0531	17.0	1.24067053168	3.0	0.512396694215	3.0
MCT.f.0532	27.0	2.15887184845	5.0	0.755	5.0
MCT.f.0535	34.0	2.31764000597	6.0	0.768595041322	6.0
MCT.f.0536	29.0	2.0487949407	6.0	0.734375	5.0
MCT.f.0537	23.0	1.8262452584	4.0	0.698224852071	4.0
MCT.f.0539	35.0	2.25845989274	6.5	0.753086419753	6.0
MCT.f.0540	23.0	1.64022392894	4.0	0.622222222222	4.0
MCT.f.0552	24.0	1.83659166811	4.0	0.691358024691	4.0
MCT.f.0373	45.0	3.08496250072	12.75	0.875	9.0
MCT.f.0556	11.0	1.0	2.0	0.5	2.0
MCT.f.0064	34.0	2.55034070955	6.0	0.826446280992	6.0
MCT.f.0068	38.0	1.97095059445	9.0	0.61	7.0
MCT.f.0104	70.0	3.37920520143	16.0	0.8624	15.0
MCT.f.0106	71.0	3.33772649701	17.3333333333	0.869135802469	14.0
MCT.f.0111	69.0	3.3624145847	16.0	0.8725	14.0
MCT.f.0222	29.0	2.11749246118	5.0	0.736111111111	5.0
MCT.f.0236	29.0	2.14182159602	5.0	0.747922437673	5.0
MCT.f.0314	40.0	2.52205520887	17.0	0.791666666667	7.0
MCT.f.0317	47.0	2.60315798687	20.5	0.769230769231	10.0
MCT.f.0067	61.0	3.31907957062	17.0	0.8832	12.0
MCT.f.0546	23.0	1.76096404744	4.0	0.66	4.0
MCT.f.0554	34.0	2.12581458369	9.0	0.694444444444	6.0
MCT.f.0311	44.0	2.86382639009	8.25	0.851851851852	8.0
MCT.f.0315	38.0	2.39269319677	14.0	0.753333333333	8.0
MCT.f.0209	31.0	2.52164063634	11.0	0.816326530612	6.0
MCT.f.0419	22.0	1.88791850267	4.0	0.708333333333	4.0
MCT.f.0161	22.0	1.84237099318	4.0	0.69387755102	4.0
MCT.f.0309	11.0	0.413816850304	2.0	0.152777777778	2.0
MCT.f.0312	29.0	2.10845859334	5.0	0.7421875	5.0
MCT.f.0341	23.0	1.89106111207	4.0	0.716049382716	4.0
MCT.f.0342	20.0	1.78193706355	4.0	0.684444444444	4.0
MCT.f.0344	12.0	0.918295834054	2.0	0.444444444444	2.0
MCT.f.0345	30.0	2.40563906223	16.0	0.78125	6.0
MCT.f.0346	20.0	1.36052731144	4.0	0.493074792244	4.0
MCT.f.0362	17.0	1.04085208297	3.0	0.402777777778	3.0
MCT.f.0382	42.0	2.89629152905	8.6	0.857142857143	8.0
MCT.f.0560	23.0	1.96096404744	6.5	0.68	5.0
MCT.f.0044	50.0	2.89248665057	14.3333333333	0.814878892734	11.0
MCT.f.0224	34.0	2.35538854221	7.5	0.777777777778	6.0
MCT.f.0230	29.0	1.95914791703	5.33333333333	0.680555555556	5.0
MCT.f.0429	43.0	2.875	8.16666666667	0.8515625	8.0
MCT.f.0430	27.0	2.23592635063	6.0	0.775510204082	5.0
MCT.f.0223	27.0	2.09227186568	5.0	0.737777777778	5.0
MCT.f.0225	27.0	2.15563906223	6.5	0.75	5.0
MCT.f.0226	23.0	1.72957395851	4.0	0.652777777778	4.0
MCT.f.0229	22.0	1.85855521187	4.0	0.694214876033	4.0
MCT.f.0231	38.0	2.53935387217	7.0	0.795	7.0
MCT.f.0105	52.0	3.09706709408	11.6	0.853515625	11.0
MCT.f.0163	29.0	2.29546567918	5.0	0.792899408284	5.0
MCT.f.0455	37.0	2.65656476213	7.25	0.826666666667	7.0
MCT.f.0544	40.0	2.41150919842	8.0	0.765432098765	7.0
MCT.f.0420	12.0	0.918295834054	2.0	0.444444444444	2.0
MCT.f.0397	30.0	2.32192809489	9.0	0.76	6.0
MCT.f.0464	25.0	2.06703149516	6.0	0.734693877551	5.0
MCT.f.0221	34.0	2.48171457299	6.25	0.809917355372	6.0
MCT.f.0049	42.0	2.3248487296	8.0	0.697190426639	8.0
MCT.f.0238	28.0	2.36957100386	6.0	0.771604938272	6.0
MCT.f.0441	28.0	2.19715972342	5.33333333333	0.765432098765	5.0
MCT.f.0442	32.0	2.50273617159	6.0	0.816326530612	6.0
MCT.f.0475	28.0	1.64444921995	8.0	0.607709750567	5.0
MCT.f.0462	29.0	1.8085947863	6.0	0.652892561983	5.0
MCT.f.0218	12.0	0.721928094887	2.0	0.32	2.0
MCT.f.0228	34.0	2.07169540441	6.5	0.701388888889	6.0
MCT.f.0237	35.0	2.33226385474	6.0	0.775510204082	6.0
MCT.f.0427	33.0	2.26104398334	7.0	0.760330578512	6.0
MCT.f.0045	41.0	3.0	10.2	0.859375	9.0
MCT.f.0368	34.0	2.41938194565	9.0	0.79012345679	6.0
MCT.f.0320	25.0	2.21470080113	5.0	0.772727272727	5.0
MCT.f.0428	51.0	2.97651667139	12.0	0.847736625514	10.0
MCT.f.0354	18.0	1.58496250072	6.0	0.666666666667	3.0
MCT.f.0432	49.0	2.85221700146	16.5	0.828125	9.0
MCT.f.0619	24.0	2.07416474302	5.0	0.724489795918	5.0
MCT.f.0372	39.0	2.52205520887	17.0	0.791666666667	7.0
MCT.f.0629	24.0	2.21329673262	7.0	0.757544224766	6.0
MCT.f.0435	28.0	2.19968779473	5.0	0.769230769231	5.0
MCT.f.0090	13.0	1.40563906223	3.0	0.59375	3.0
MCT.f.0466	15.0	1.14883485428	4.0	0.448979591837	3.0
MCT.f.0294	23.0	1.24330036854	4.0	0.442148760331	4.0
MCT.f.0298	34.0	2.2987949407	6.33333333333	0.765625	6.0
MCT.f.0062	29.0	2.17095059445	5.5	0.76	5.0
MCT.f.0299	36.0	2.3623559712	13.0	0.770975056689	7.0
MCT.f.0515	22.0	1.98989809546	4.0	0.746666666667	4.0
MCT.f.0484	42.0	2.57889340811	8.0	0.783950617284	8.0
MCT.f.0162	23.0	1.78845045731	4.0	0.683673469388	4.0
MCT.f.0310	25.0	2.10538854221	5.0	0.739583333333	5.0
MCT.f.0089	35.0	2.20229979513	6.0	0.744489795918	6.0
MCT.f.0433	30.0	1.75343438619	8.0	0.612244897959	5.0
MCT.f.0414	17.0	1.52623490995	3.0	0.639053254438	3.0
MCT.f.0305	16.0	1.76096404744	4.0	0.66	4.0
MCT.f.0215	19.0	2.0	10.0	0.75	4.0
MCT.f.0103	59.0	3.15283074194	12.3333333333	0.848958333333	12.0
MCT.f.0347	28.0	2.12192809489	5.33333333333	0.74	5.0
MCT.f.0352	34.0	2.41938194565	9.0	0.79012345679	6.0
MCT.f.0235	28.0	1.96580053601	5.0	0.711734693878	5.0
MCT.f.0107	56.0	3.08910535566	14.0	0.843537414966	12.0
MCT.f.0295	42.0	2.32108737419	8.75	0.719387755102	8.0
MCT.f.0307	40.0	2.31310066642	13.0	0.756198347107	7.0
MCT.f.0316	44.0	2.62948170808	8.75	0.802721088435	8.0
MCT.f.0115	43.0	2.65541882337	11.0	0.81807372176	8.0
MCT.f.0381	37.0	2.3219028921	8.5	0.76268861454	7.0
MCT.f.0528	17.0	1.75	4.5	0.65625	4.0
MCT.f.0529	16.0	1.25162916739	4.0	0.5	3.0
MCT.f.0548	22.0	1.78067212952	6.5	0.611111111111	5.0
MCT.f.0247	29.0	1.96096404744	6.5	0.68	5.0
MCT.f.0530	15.0	0.921928094887	4.0	0.34	3.0
MCT.f.0425	13.0	1.56127812446	3.0	0.65625	3.0
MCT.f.0246	29.0	2.11807820935	5.5	0.743801652893	5.0
MCT.f.0559	17.0	0.834347023085	3.0	0.304498269896	3.0
MCT.f.0188	12.0	1.0	2.0	0.5	2.0
MCT.f.0181	8.0	1.15955475238	3.0	0.456747404844	3.0
MCT.f.0173	7.0	0.522559374537	2.0	0.207612456747	2.0
MCT.f.0174	7.0	0.522559374537	2.0	0.207612456747	2.0
MCT.f.0179	7.0	0.591672778582	2.0	0.244897959184	2.0
MCT.f.0180	7.0	0.591672778582	2.0	0.244897959184	2.0
MCT.f.0185	7.0	0.591672778582	2.0	0.244897959184	2.0
MCT.f.0186	7.0	0.522559374537	2.0	0.207612456747	2.0
MCT.f.0189	6.0	-0.0	1.0	0.0	1.0
MCT.f.0190	6.0	-0.0	1.0	0.0	1.0
MCT.f.0195	6.0	-0.0	1.0	0.0	1.0
MCT.f.0196	6.0	-0.0	1.0	0.0	1.0
MCT.f.0201	6.0	-0.0	1.0	0.0	1.0
MCT.f.0202	6.0	-0.0	1.0	0.0	1.0
MCT.f.0171	7.0	0.591672778582	2.0	0.244897959184	2.0
MCT.f.0172	7.0	0.522559374537	2.0	0.207612456747	2.0
MCT.f.0177	7.0	0.522559374537	2.0	0.207612456747	2.0
MCT.f.0178	7.0	0.591672778582	2.0	0.244897959184	2.0
MCT.f.0182	7.0	0.591672778582	2.0	0.244897959184	2.0
MCT.f.0187	7.0	0.684038435639	2.0	0.297520661157	2.0
MCT.f.0191	6.0	-0.0	1.0	0.0	1.0
MCT.f.0192	6.0	-0.0	1.0	0.0	1.0
MCT.f.0197	6.0	-0.0	1.0	0.0	1.0
MCT.f.0198	6.0	-0.0	1.0	0.0	1.0
MCT.f.0203	6.0	-0.0	1.0	0.0	1.0
MCT.f.0204	6.0	-0.0	1.0	0.0	1.0
MCT.f.0175	7.0	0.522559374537	2.0	0.207612456747	2.0
MCT.f.0176	7.0	0.591672778582	2.0	0.244897959184	2.0
MCT.f.0183	7.0	0.591672778582	2.0	0.244897959184	2.0
MCT.f.0184	7.0	0.591672778582	2.0	0.244897959184	2.0
MCT.f.0193	6.0	-0.0	1.0	0.0	1.0
MCT.f.0194	6.0	-0.0	1.0	0.0	1.0
MCT.f.0199	6.0	-0.0	1.0	0.0	1.0
MCT.f.0200	6.0	-0.0	1.0	0.0	1.0
