Eigvals	3
130.863210828	68.0858029009	56.907263889

Proportion explained	3
0.423420031331	0.224328643574	0.150270612511

Species	0	0

Site	11	3
MCT.f.0167	0.0922712131776	-0.0202142480883	0.191123394075
MCT.f.0166	0.119287147232	-0.0892262091451	0.0596271436534
MCT.f.0163	-0.0184555664458	-0.159985324705	-0.042011402679
MCT.f.0162	-0.0560910272433	-0.0666100417707	0.0721063556996
MCT.f.0161	-0.223608914516	0.0764373442754	-0.0117903861131
MCT.f.0160	-0.14232314989	0.0783549431849	-0.0642159146103
MCT.f.0159	-0.00682183625283	0.109320635659	0.0683178605238
MCT.f.0169	0.0854582895249	-0.125116946007	0.0575144582795
MCT.f.0168	0.123345947248	0.103020665728	0.0243378908883
MCT.f.0170	0.0462354877528	0.16209639823	-0.240495341841
MCT.f.0158	-0.0192975905871	-0.068077217362	-0.114514057876

Biplot	0	0

Site constraints	0	0
