Eigvals	3
130.863210828	68.0858029009	56.907263889

Proportion explained	3
0.423420031331	0.224328643574	0.150270612511

Species	0	0

Site	11	3
MCT.f.0167	0.250150649194	-0.059995545062	0.122142679609
MCT.f.0166	0.194378707011	-0.0706158413881	0.210849299594
MCT.f.0163	-0.150201017971	-0.270959673456	0.0423907928297
MCT.f.0162	-0.260545777019	-0.20918800241	-0.008590606359
MCT.f.0161	-0.276521859533	-0.0812812293046	-0.0759999342418
MCT.f.0160	-0.210019560185	0.115575731849	-0.0478267585304
MCT.f.0159	-0.187566771749	0.235086545417	0.0426750489984
MCT.f.0169	0.244220583799	0.0155303486623	-0.189587708661
MCT.f.0168	0.295837863284	0.0086058357058	0.0299888183674
MCT.f.0170	0.201069445066	0.0167758495778	-0.217779456169
MCT.f.0158	-0.100802261898	0.300465980409	0.0917378245637

Biplot	0	0

Site constraints	0	0
