Eigvals	3
223.400831843	162.700294692	132.817149562

Proportion explained	3
0.199804636707	0.158252065728	0.129940025524

Species	0	0

Site	16	3
MCT.f.0398	0.132812096242	-0.101945987737	-0.0634647285701
MCT.f.0394	-0.220161377191	-0.0660438260388	-0.196664731736
MCT.f.0395	-0.217919127372	0.0619110018486	0.0414499932129
MCT.f.0396	-0.0182285365412	0.186436007451	-0.0648309847716
MCT.f.0397	-0.140327482981	-0.164298415256	0.198434264727
MCT.f.0408	0.275381360084	0.122936019934	-0.0912975973151
MCT.f.0392	-0.108711284136	0.153175071329	0.151301712682
MCT.f.0393	-0.252361844032	-0.118229632638	-0.0859518187132
MCT.f.0404	0.160064676179	0.146178813727	0.196140043286
MCT.f.0405	0.161300820553	-0.286604510974	0.102044704457
MCT.f.0406	0.153356248036	-0.259422822865	-0.00555003734599
MCT.f.0407	0.109669871993	0.088009327846	-0.0373947391566
MCT.f.0400	-0.0272918849404	0.104225450981	0.00781824388219
MCT.f.0399	0.0379187529849	-0.0110405709564	-0.281572522935
MCT.f.0402	-0.0690864173676	0.0150148827648	0.15475262903
MCT.f.0403	0.0235841284878	0.129699190584	-0.0252144307324

Biplot	0	0

Site constraints	0	0
