Eigvals	3
223.400831843	162.700294692	132.817149562

Proportion explained	3
0.199804636707	0.158252065728	0.129940025524

Species	0	0

Site	16	3
MCT.f.0398	0.118577564919	-0.0452093331219	-0.0408926168499
MCT.f.0394	-0.0754606974418	0.00764403855394	-0.0322620385771
MCT.f.0395	-0.0585179662	0.0471310385362	0.0113720345421
MCT.f.0396	-0.0562556027585	-0.00685876130302	-0.0610622898108
MCT.f.0397	0.0866700197828	-0.117438818017	0.0104050053893
MCT.f.0408	0.00470964136457	0.0346637511864	-0.110454368328
MCT.f.0392	-0.0322229311463	0.113383797904	0.167602959126
MCT.f.0393	-0.0363976462836	0.0271080487527	-0.0696394261948
MCT.f.0404	0.0476512117604	0.0368068728903	0.0194246101866
MCT.f.0405	-0.04081451103	-0.0213192466405	0.0486320189912
MCT.f.0406	-0.0249744494461	-0.0912290663642	0.0981688820183
MCT.f.0407	-0.00909827919473	-0.0403643153112	-0.0632825159381
MCT.f.0400	-0.00903374866483	0.0109477933825	-0.0446952916298
MCT.f.0399	0.158318987058	0.0788228046085	-0.0158977781917
MCT.f.0402	3.78015230162e-05	-0.0183866657521	0.0323277145829
MCT.f.0403	-0.073189394242	-0.0157019393045	0.0502531006832

Biplot	0	0

Site constraints	0	0
