Eigvals	3
145.650663476	89.4241927886	61.3276853741

Proportion explained	3
0.227466394372	0.156778919855	0.119032174439

Species	0	0

Site	14	3
MCT.f.0167	-0.193726045089	0.179279575241	-0.0257645945946
MCT.f.0166	-0.241627207253	0.039220655699	0.0923598516969
MCT.f.0163	0.179006325763	-0.101154452817	0.155230917472
MCT.f.0161	0.320508601443	0.123408746457	0.154518216433
MCT.f.0158	-0.129960692886	0.0551865533133	-0.12910126068
MCT.f.0160	-0.122509387972	0.17017454955	0.11319897961
MCT.f.0157	0.0803697833854	-0.151245691147	-0.271260102284
MCT.f.0154	0.00675561219435	-0.0582465741911	0.0462993669825
MCT.f.0155	-0.0890511551892	-0.10434624502	0.113072935388
MCT.f.0169	-0.00562298786325	-0.188267060837	-0.211971407233
MCT.f.0168	-0.117931444039	-0.151959860841	0.158578971936
MCT.f.0170	-0.00776152485101	-0.208024775436	0.0180082186352
MCT.f.0159	-0.00814613907775	0.287432219148	-0.167509447906
MCT.f.0162	0.329696261435	0.108542360881	-0.0456606454568

Biplot	0	0

Site constraints	0	0
