Eigvals	3
145.650663476	89.4241927886	61.3276853741

Proportion explained	3
0.227466394372	0.156778919855	0.119032174439

Species	0	0

Site	14	3
MCT.f.0167	-0.0767859793163	0.0687098007876	-0.0484342923966
MCT.f.0166	-0.084382488187	0.0484806096898	-0.0377754856074
MCT.f.0163	0.0212277493583	0.0202890944105	-0.0518398584251
MCT.f.0161	0.0809483291262	0.0336126597027	0.108087395262
MCT.f.0158	0.0143836530126	-0.018361805639	0.0110926397886
MCT.f.0160	0.0400016442593	-0.001304005209	0.103770000582
MCT.f.0157	0.00811214162731	-0.113121550538	-0.0799773932588
MCT.f.0154	0.148954803338	0.0105992120146	-0.000643238123166
MCT.f.0155	0.0126088135643	0.0300338888726	-0.0721279687855
MCT.f.0169	-0.0657276939259	0.0589265642833	-0.0461945103147
MCT.f.0168	-0.0710097823896	-0.0375851180128	0.00978601370695
MCT.f.0170	-0.0133981442267	-0.125818695185	0.109795504786
MCT.f.0159	-0.0235929978124	-0.0400495726384	0.00405444010383
MCT.f.0162	0.00865995157203	0.0655889174608	-0.0095932473185

Biplot	0	0

Site constraints	0	0
