Eigvals	3
179.142407822	116.5421141	70.9496006464

Proportion explained	3
0.225540637698	0.166047869909	0.117059502929

Species	0	0

Site	15	3
sample11	-0.000731434902622	-0.0482699577647	0.0370551740303
sample10	-0.146604348452	-0.112342260982	-0.103275356752
sample13	0.0315816545923	-0.0373140259098	-0.033429829384
sample12	-0.0433118351398	-0.123440356195	-0.0177870992731
sample15	-0.0212018501674	0.0866530240293	0.0111639549219
sample14	-0.0163356723768	0.0471406762608	-0.00490283404643
sample5	-0.00765577103954	-0.0737988086283	0.0667937600022
sample4	0.0578112253481	-0.0330913200536	0.071303181504
sample7	0.0119440511283	0.0491849507109	-0.00286343320712
sample6	0.136488489328	-0.0101118536643	-0.0373402983858
sample1	-0.0250445754092	0.0943677352215	0.0234489698283
sample3	0.0163374100168	-0.00819422750456	0.100772051359
sample2	-0.0207126742518	0.0584702838423	0.00539700536309
sample9	0.0124000916549	0.0893206588807	-0.0559812946216
sample8	0.0150352396704	0.0214254817565	-0.0603539513382

Biplot	0	0

Site constraints	0	0
