Eigvals	3
179.142407822	116.5421141	70.9496006464

Proportion explained	3
0.225540637698	0.166047869909	0.117059502929

Species	0	0

Site	15	3
sample11	0.102590099481	-0.0194114581712	-0.188904299553
sample10	-0.00549442265306	-0.00972830608295	0.0427913800774
sample13	0.236146851007	0.0719964886338	-0.0610783979173
sample12	-0.0828095812287	-0.161390987387	-0.233694879632
sample15	0.205710415644	0.159875978057	-0.0742358371879
sample14	0.180955184787	0.236475404734	-0.0107608113917
sample5	0.0781355064191	-0.29692851411	0.210872585138
sample4	0.211405013057	-0.0501309356788	0.253083884701
sample7	-0.163815240337	-0.00853662313872	-0.0412572854033
sample6	0.0286001027871	-0.276690702014	-0.0170928646588
sample1	-0.193207092391	0.125400961864	0.18174157618
sample3	-0.163785589401	0.194852462349	0.100954201235
sample2	-0.260350109456	0.0460703545627	0.0538703330724
sample9	-0.0395664785642	0.0289389108927	-0.0817866103363
sample8	-0.134514659151	-0.0407930345103	-0.134502974325

Biplot	0	0

Site constraints	0	0
