Eigvals	3
289.398726325	89.933192704	54.9929457791

Proportion explained	3
0.369634984902	0.169862442098	0.139430608824

Species	0	0

Site	14	3
MCT.f.0007	0.289646981761	-0.16516455554	0.0490538787674
MCT.f.0003	-0.0841081111879	0.281546198394	0.0377154354847
MCT.f.0004	0.0141169891484	0.290709230975	0.0875697212132
MCT.f.0005	0.169739860557	0.194723040869	0.0966049617722
MCT.f.0008	0.179488127185	-0.157960265177	0.0254955962732
MCT.f.0009	-0.0178548724391	-0.126616783071	0.102258672714
MCT.f.0006	0.310587225186	-0.00388078718111	0.0656069413213
MCT.f.0017	0.0237676102074	0.013497232262	-0.312016438982
MCT.f.0016	-0.00264188753277	0.0190285049626	-0.3491975528
MCT.f.0014	-0.110205434574	-0.0548812850677	-0.0893706292888
MCT.f.0013	-0.187676625055	-0.0503465080595	0.035495626392
MCT.f.0012	-0.207316226198	-0.0562723791535	0.0332201702605
MCT.f.0011	-0.226382353388	-0.084483962029	0.115883699716
MCT.f.0010	-0.15116128367	-0.099897682185	0.101679917156

Biplot	0	0

Site constraints	0	0
