Eigvals	3
289.398726325	89.933192704	54.9929457791

Proportion explained	3
0.369634984902	0.169862442098	0.139430608824

Species	0	0

Site	14	3
MCT.f.0007	0.0763003400521	-0.024319232064	-0.00301664764415
MCT.f.0003	0.0317089803992	0.345684555828	-0.155318494747
MCT.f.0004	0.0625051538444	0.00435240864143	0.0411418048699
MCT.f.0005	0.015448357925	0.0184280813126	0.110396727698
MCT.f.0008	0.033695117938	-0.00605088800306	0.038405429256
MCT.f.0009	0.0423334805721	-0.0243664094573	0.00750854559507
MCT.f.0006	0.0543495298532	-0.0162606841652	0.0297941839987
MCT.f.0017	-0.13841265871	0.0218581325674	0.0175932237501
MCT.f.0016	0.00938203259159	0.022075455925	-0.0866125424887
MCT.f.0014	0.0237829712151	-0.0612138099908	-0.0806893200841
MCT.f.0013	0.0196842809004	-0.0704680869626	-0.00660688017054
MCT.f.0012	-0.0571197171161	-0.0601234161269	0.046551844706
MCT.f.0011	-0.053576046879	-0.0728787188815	0.0485090872926
MCT.f.0010	-0.120081822586	-0.0767173886234	-0.0076569620315

Biplot	0	0

Site constraints	0	0
