Eigvals	3
139.123338167	69.8145236447	47.4102588296

Proportion explained	3
0.230428122788	0.145731263304	0.109845139355

Species	0	0

Site	15	3
sample11	0.107430052378	-0.111513156319	0.185382632875
sample10	0.0202045664764	-0.0740257911969	-0.0114317242375
sample13	0.169083721923	0.242823275827	-0.174026065665
sample12	0.0498231811463	0.0933176636734	-0.0347610985563
sample15	-0.0963333610079	-0.00608922898967	-0.00264194812585
sample14	0.329306152833	-0.0554324376944	0.089557831771
sample16	0.193442945058	-0.0377847181244	-0.24570805362
sample5	-0.240683814358	-0.0375662797833	-0.140431521208
sample4	-0.0177513466025	0.0873958810063	-0.120966483738
sample7	-0.00206264077146	0.188365765299	0.173031449415
sample6	-0.0567398560624	0.205617816001	0.213948962702
sample1	-0.23321062372	0.128745386936	0.0712955556407
sample2	0.100157780149	-0.249194971285	0.0323081955285
sample9	-0.106259490774	-0.261328935079	0.10442028562
sample8	-0.216407266667	-0.113330270272	-0.139978018402

Biplot	0	0

Site constraints	0	0
