Eigvals	3
139.123338167	69.8145236447	47.4102588296

Proportion explained	3
0.230428122788	0.145731263304	0.109845139355

Species	0	0

Site	15	3
sample11	0.0272862107819	-0.0682203704299	0.00811433770477
sample10	0.0300810729435	0.0178374539922	0.0338701607758
sample13	0.164255457624	0.118531745174	-0.0915432337842
sample12	0.0163948975704	-0.0657665518863	0.0498725762724
sample15	0.032878777929	-0.0757014190678	0.0221761833086
sample14	0.119501889767	-0.0346438609974	-0.0212370811771
sample16	0.0962104012962	0.0811931896743	0.00922251327585
sample5	-0.0403814785432	0.0303313354029	-0.0447029591415
sample4	-0.0761492654959	0.00145880636815	0.043400376995
sample7	-0.0899023359631	-0.0113764819615	-0.081104460851
sample6	-0.00725376493221	0.259782895297	0.0524332318191
sample1	-0.0742664026908	-0.0331511134727	0.0495372347871
sample2	-0.0956307575202	-0.031765599524	-0.110743939752
sample9	-0.0318918837621	-0.108057285395	0.0931876875423
sample8	-0.0711328190049	-0.0804527431746	-0.0124826277752

Biplot	0	0

Site constraints	0	0
