	MCTs01	MCTs03	MCTs04	MCTs06	MCTs07	MCTs08	MCTs09	MCTs10	MCTs13	MCTs14	MCTs15	MCTs16	MCTs18	MCTs19	MCTs20	MCTs21	MCTs22	MCTs23	MCTs24	MCTs25	MCTs26	MCTs27	MCTs28	MCTs29	MCTs31	MCTs32	MCTs33	MCTs34	MCTs35	MCTs36	MCTs37
MCTs01	0.0	5.74962292609	5.24941724942	6.67487179487	5.61884961885	4.98076923077	6.29326923077	5.06038047974	5.19551282051	6.11794871795	5.90688259109	7.4188034188	5.65967365967	5.38961851157	5.2158808933	5.33333333333	5.01709401709	5.29615384615	5.03525641026	5.92037786775	5.71794871795	5.30695970696	7.01923076923	6.5459057072	6.78846153846	5.10859728507	5.71794871795	6.72502210433	6.82051282051	5.66401414677	6.18181818182
MCTs03	5.74962292609	0.0	5.41176470588	5.03843137255	5.73714891362	5.82352941176	6.05759803922	5.94686907021	5.68382352941	5.82352941176	6.8689370485	7.09803921569	4.91622103387	5.33046389287	5.3523086654	6.54901960784	5.87581699346	5.4068627451	5.84558823529	5.47471620227	4.45098039216	5.18879551821	5.96568627451	6.2770398482	5.69362745098	5.76470588235	5.23529411765	6.14739688979	6.79411764706	4.78701825558	6.34937611408
MCTs04	5.24941724942	5.41176470588	0.0	5.74787878788	5.81818181818	6.35606060606	5.49053030303	5.61876832845	5.1553030303	5.83636363636	6.50558213716	7.41414141414	4.60606060606	5.24611973392	5.59139784946	6.15909090909	4.9595959596	5.00151515152	5.44507575758	5.30462519936	5.25757575758	4.94372294372	6.43181818182	5.89833822092	6.10227272727	5.00534759358	4.49350649351	6.00835945664	6.11363636364	4.87147335423	6.36363636364
MCTs06	6.67487179487	5.03843137255	5.74787878788	0.0	6.63783783784	6.75	6.5675	6.26580645161	5.60333333333	6.46666666667	7.85263157895	7.97333333333	4.85575757576	5.33658536585	6.9264516129	6.24333333333	6.09555555556	6.34	6.5575	5.00842105263	5.24666666667	6.05714285714	5.61666666667	6.54709677419	6.2	6.28	5.91047619048	7.47586206897	5.87	5.55862068966	6.24484848485
MCTs07	5.61884961885	5.73714891362	5.81818181818	6.63783783784	0.0	5.43693693694	6.21790540541	5.12292938099	5.43355855856	5.45045045045	5.36699857752	6.73873873874	5.72809172809	5.69545154911	6.05405405405	5.72297297297	6.13213213213	6.26621621622	6.30067567568	6.31294452347	6.04504504505	5.1444015444	7.24099099099	6.89276373147	6.55743243243	5.97456279809	5.0102960103	5.87325256291	6.75900900901	6.15657036347	5.44471744472
MCTs08	4.98076923077	5.82352941176	6.35606060606	6.75	5.43693693694	0.0	6.75	5.88978494624	5.70833333333	5.95	5.73684210526	6.52777777778	6.22727272727	5.68699186992	5.77956989247	5.25	6.02777777778	6.38333333333	6.10416666667	6.6798245614	5.83333333333	5.6619047619	6.83333333333	6.96774193548	6.29166666667	6.14215686275	6.11904761905	6.63793103448	7.58333333333	6.16666666667	5.91666666667
MCTs09	6.29326923077	6.05759803922	5.49053030303	6.5675	6.21790540541	6.75	0.0	6.43951612903	6.0625	6.22916666667	5.92763157895	7.59027777778	5.50189393939	5.51524390244	5.62298387097	5.89583333333	4.90277777778	5.025	5.8125	6.03618421053	5.41666666667	5.32142857143	6.79166666667	5.4939516129	6.375	5.15441176471	5.12202380952	5.22413793103	6.6875	6.12068965517	7.30492424242
MCTs10	5.06038047974	5.94686907021	5.61876832845	6.26580645161	5.12292938099	5.88978494624	6.43951612903	0.0	5.27553763441	5.11397849462	6.28692699491	6.78853046595	5.56207233627	5.73878835563	5.61290322581	6.01075268817	5.94444444444	5.88387096774	5.9435483871	5.80475382003	6.47311827957	5.83594470046	6.31720430108	6.70967741935	6.5685483871	5.82163187856	5.38402457757	6.45828698554	6.40053763441	6.00444938821	5.13587487781
MCTs13	5.19551282051	5.68382352941	5.1553030303	5.60333333333	5.43355855856	5.70833333333	6.0625	5.27553763441	0.0	4.99166666667	6.41447368421	7.18055555556	5.17045454545	5.18699186992	5.50268817204	5.16666666667	4.84722222222	6.15833333333	5.75	4.81359649123	5.66666666667	4.98571428571	7.29166666667	5.62903225806	6.875	5.35784313725	4.50595238095	6.14511494253	6.20833333333	5.37643678161	5.54166666667
MCTs14	6.11794871795	5.82352941176	5.83636363636	6.46666666667	5.45045045045	5.95	6.22916666667	5.11397849462	4.99166666667	0.0	5.61052631579	6.11111111111	6.11515151515	6.44227642276	5.89892473118	5.7	6.01111111111	6.51666666667	6.1875	6.35438596491	6.5	5.80952380952	7.2	5.87956989247	7.40833333333	6.19215686275	5.49523809524	6.71494252874	6.75	6.13563218391	5.10909090909
MCTs15	5.90688259109	6.8689370485	6.50558213716	7.85263157895	5.36699857752	5.73684210526	5.92763157895	6.28692699491	6.41447368421	5.61052631579	0.0	6.45029239766	6.94258373206	6.51219512195	6.5466893039	5.28070175439	6.12280701754	7.12631578947	6.24342105263	7.42105263158	6.3201754386	6.99248120301	6.95614035088	6.62648556876	7.32894736842	7.00309597523	5.79949874687	6.02722323049	7.25438596491	7.23230490018	6.44816586922
MCTs16	7.4188034188	7.09803921569	7.41414141414	7.97333333333	6.73873873874	6.52777777778	7.59027777778	6.78853046595	7.18055555556	6.11111111111	6.45029239766	0.0	7.75757575758	7.58265582656	6.88172043011	7.25	7.77777777778	7.92777777778	7.21527777778	8.22807017544	7.11111111111	7.16825396825	6.77777777778	7.53405017921	7.65277777778	7.56862745098	7.33333333333	7.24904214559	8.13888888889	6.7662835249	7.25252525253
MCTs18	5.65967365967	4.91622103387	4.60606060606	4.85575757576	5.72809172809	6.22727272727	5.50189393939	5.56207233627	5.17045454545	6.11515151515	6.94258373206	7.75757575758	0.0	4.39911308204	5.62072336266	5.61363636364	5.09090909091	4.89545454545	5.87121212121	4.7288676236	4.85606060606	5.24502164502	6.08333333333	5.82600195503	6.36742424242	5.03386809269	5.01731601732	6.42424242424	5.78787878788	4.73354231975	6.24242424242
MCTs19	5.38961851157	5.33046389287	5.24611973392	5.33658536585	5.69545154911	5.68699186992	5.51524390244	5.73878835563	5.18699186992	6.44227642276	6.51219512195	7.58265582656	4.39911308204	0.0	5.90558615264	5.24796747967	4.43902439024	5.34512195122	5.72408536585	4.95250320924	5.30081300813	4.87386759582	6.00406504065	6.18095987411	5.86890243902	5.28407460545	5.33797909408	6.19512195122	6.65243902439	4.80403700589	5.78861788618
MCTs20	5.2158808933	5.3523086654	5.59139784946	6.9264516129	6.05405405405	5.77956989247	5.62298387097	5.61290322581	5.50268817204	5.89892473118	6.5466893039	6.88172043011	5.62072336266	5.90558615264	0.0	5.77956989247	5.37275985663	5.33225806452	5.49596774194	6.03735144312	6.02956989247	5.66267281106	7.12096774194	6.51612903226	6.56451612903	5.67362428843	5.10599078341	5.8042269188	7.15053763441	5.20800889878	5.55425219941
MCTs21	5.33333333333	6.54901960784	6.15909090909	6.24333333333	5.72297297297	5.25	5.89583333333	6.01075268817	5.16666666667	5.7	5.28070175439	7.25	5.61363636364	5.24796747967	5.77956989247	0.0	5.47222222222	6.58333333333	4.60416666667	6.08333333333	5.75	5.52142857143	6.58333333333	5.7688172043	6.5	6.17647058824	5.11904761905	5.78448275862	6.41666666667	6.1091954023	5.72727272727
MCTs22	5.01709401709	5.87581699346	4.9595959596	6.09555555556	6.13213213213	6.02777777778	4.90277777778	5.94444444444	4.84722222222	6.01111111111	6.12280701754	7.77777777778	5.09090909091	4.43902439024	5.37275985663	5.47222222222	0.0	4.69444444444	5.54166666667	4.36257309942	5.41666666667	4.83333333333	7.0	5.2311827957	6.59722222222	4.75816993464	4.79365079365	5.89846743295	6.58333333333	5.86973180077	6.30303030303
MCTs23	5.29615384615	5.4068627451	5.00151515152	6.34	6.26621621622	6.38333333333	5.025	5.88387096774	6.15833333333	6.51666666667	7.12631578947	7.92777777778	4.89545454545	5.34512195122	5.33225806452	6.58333333333	4.69444444444	0.0	6.1125	5.14210526316	5.16666666667	4.52142857143	6.95	6.42258064516	6.375	4.99705882353	5.02619047619	6.51206896552	7.28333333333	5.30862068966	7.08484848485
MCTs24	5.03525641026	5.84558823529	5.44507575758	6.5575	6.30067567568	6.10416666667	5.8125	5.9435483871	5.75	6.1875	6.24342105263	7.21527777778	5.87121212121	5.72408536585	5.49596774194	4.60416666667	5.54166666667	6.1125	0.0	5.89144736842	5.45833333333	5.525	6.16666666667	6.20161290323	6.25	5.88970588235	5.07738095238	5.67456896552	6.54166666667	6.2349137931	6.33143939394
MCTs25	5.92037786775	5.47471620227	5.30462519936	5.00842105263	6.31294452347	6.6798245614	6.03618421053	5.80475382003	4.81359649123	6.35438596491	7.42105263158	8.22807017544	4.7288676236	4.95250320924	6.03735144312	6.08333333333	4.36257309942	5.14210526316	5.89144736842	0.0	5.73245614035	5.05413533835	7.23245614035	6.25806451613	6.84210526316	5.23219814241	5.01002506266	6.75317604356	5.87280701754	5.50635208711	5.87400318979
MCTs26	5.71794871795	4.45098039216	5.25757575758	5.24666666667	6.04504504505	5.83333333333	5.41666666667	6.47311827957	5.66666666667	6.5	6.3201754386	7.11111111111	4.85606060606	5.30081300813	6.02956989247	5.75	5.41666666667	5.16666666667	5.45833333333	5.73245614035	0.0	5.33095238095	5.66666666667	5.98387096774	5.04166666667	5.61764705882	5.03571428571	5.91091954023	6.08333333333	5.01436781609	6.84848484848
MCTs27	5.30695970696	5.18879551821	4.94372294372	6.05714285714	5.1444015444	5.6619047619	5.32142857143	5.83594470046	4.98571428571	5.80952380952	6.99248120301	7.16825396825	5.24502164502	4.87386759582	5.66267281106	5.52142857143	4.83333333333	4.52142857143	5.525	5.05413533835	5.33095238095	0.0	7.28095238095	5.90230414747	6.15714285714	4.99495798319	4.54285714286	5.53300492611	6.9	4.7802955665	6.60606060606
MCTs28	7.01923076923	5.96568627451	6.43181818182	5.61666666667	7.24099099099	6.83333333333	6.79166666667	6.31720430108	7.29166666667	7.2	6.95614035088	6.77777777778	6.08333333333	6.00406504065	7.12096774194	6.58333333333	7.0	6.95	6.16666666667	7.23245614035	5.66666666667	7.28095238095	0.0	7.20430107527	5.79166666667	7.08333333333	6.72619047619	7.06034482759	6.83333333333	6.25574712644	7.09090909091
MCTs29	6.5459057072	6.2770398482	5.89833822092	6.54709677419	6.89276373147	6.96774193548	5.4939516129	6.70967741935	5.62903225806	5.87956989247	6.62648556876	7.53405017921	5.82600195503	6.18095987411	6.51612903226	5.7688172043	5.2311827957	6.42258064516	6.20161290323	6.25806451613	5.98387096774	5.90230414747	7.20430107527	0.0	7.06451612903	5.62239089184	5.70814132104	6.01557285873	5.81720430108	6.31145717464	6.96383186706
MCTs31	6.78846153846	5.69362745098	6.10227272727	6.2	6.55743243243	6.29166666667	6.375	6.5685483871	6.875	7.40833333333	7.32894736842	7.65277777778	6.36742424242	5.86890243902	6.56451612903	6.5	6.59722222222	6.375	6.25	6.84210526316	5.04166666667	6.15714285714	5.79166666667	7.06451612903	0.0	6.88970588235	6.09523809524	6.65948275862	6.83333333333	5.81896551724	6.94318181818
MCTs32	5.10859728507	5.76470588235	5.00534759358	6.28	5.97456279809	6.14215686275	5.15441176471	5.82163187856	5.35784313725	6.19215686275	7.00309597523	7.56862745098	5.03386809269	5.28407460545	5.67362428843	6.17647058824	4.75816993464	4.99705882353	5.88970588235	5.23219814241	5.61764705882	4.99495798319	7.08333333333	5.62239089184	6.88970588235	0.0	5.19327731092	6.04056795132	6.47549019608	5.0831643002	6.67023172906
MCTs33	5.71794871795	5.23529411765	4.49350649351	5.91047619048	5.0102960103	6.11904761905	5.12202380952	5.38402457757	4.50595238095	5.49523809524	5.79949874687	7.33333333333	5.01731601732	5.33797909408	5.10599078341	5.11904761905	4.79365079365	5.02619047619	5.07738095238	5.01002506266	5.03571428571	4.54285714286	6.72619047619	5.70814132104	6.09523809524	5.19327731092	0.0	4.46633825944	5.55952380952	5.51888341544	6.22943722944
MCTs34	6.72502210433	6.14739688979	6.00835945664	7.47586206897	5.87325256291	6.63793103448	5.22413793103	6.45828698554	6.14511494253	6.71494252874	6.02722323049	7.24904214559	6.42424242424	6.19512195122	5.8042269188	5.78448275862	5.89846743295	6.51206896552	5.67456896552	6.75317604356	5.91091954023	5.53300492611	7.06034482759	6.01557285873	6.65948275862	6.04056795132	4.46633825944	0.0	6.95977011494	6.62068965517	7.19122257053
MCTs35	6.82051282051	6.79411764706	6.11363636364	5.87	6.75900900901	7.58333333333	6.6875	6.40053763441	6.20833333333	6.75	7.25438596491	8.13888888889	5.78787878788	6.65243902439	7.15053763441	6.41666666667	6.58333333333	7.28333333333	6.54166666667	5.87280701754	6.08333333333	6.9	6.83333333333	5.81720430108	6.83333333333	6.47549019608	5.55952380952	6.95977011494	0.0	6.72126436782	5.87878787879
MCTs36	5.66401414677	4.78701825558	4.87147335423	5.55862068966	6.15657036347	6.16666666667	6.12068965517	6.00444938821	5.37643678161	6.13563218391	7.23230490018	6.7662835249	4.73354231975	4.80403700589	5.20800889878	6.1091954023	5.86973180077	5.30862068966	6.2349137931	5.50635208711	5.01436781609	4.7802955665	6.25574712644	6.31145717464	5.81896551724	5.0831643002	5.51888341544	6.62068965517	6.72126436782	0.0	6.51619644723
MCTs37	6.18181818182	6.34937611408	6.36363636364	6.24484848485	5.44471744472	5.91666666667	7.30492424242	5.13587487781	5.54166666667	5.10909090909	6.44816586922	7.25252525253	6.24242424242	5.78861788618	5.55425219941	5.72727272727	6.30303030303	7.08484848485	6.33143939394	5.87400318979	6.84848484848	6.60606060606	7.09090909091	6.96383186706	6.94318181818	6.67023172906	6.22943722944	7.19122257053	5.87878787879	6.51619644723	0.0