Eigvals	3
424.71465677	95.0280107549	66.4292892639

Proportion explained	3
0.441736547248	0.184157832112	0.128137122642

Species	0	0

Site	10	3
MCT.f.0461	0.00567736870241	0.138034802836	0.0335521409408
MCT.f.0475	0.154357618923	0.027216707024	-0.0883797041975
MCT.f.0467	-0.0268201936142	-0.0887259931846	0.0152016285699
MCT.f.0464	0.0136668247534	-0.0818558332172	0.0475421841532
MCT.f.0462	0.00498336895348	0.0385166280137	0.0632528702159
MCT.f.0463	-0.229099981696	0.0827198134168	-0.358105197696
MCT.f.0473	0.0281332953249	0.00398202592262	0.102381289726
MCT.f.0472	0.065454267372	-0.0271875616694	0.0156230902546
MCT.f.0468	-0.011369504195	-0.0844493945065	0.092680193795
MCT.f.0470	-0.00498306452411	-0.00825119463511	0.0762515042376

Biplot	0	0

Site constraints	0	0
