Eigvals	3
424.71465677	95.0280107549	66.4292892639

Proportion explained	3
0.441736547248	0.184157832112	0.128137122642

Species	0	0

Site	10	3
MCT.f.0461	-0.0662314198892	0.338525255034	0.251485187886
MCT.f.0475	0.105483239678	-0.110552191299	-0.016135283975
MCT.f.0467	-0.147742693958	-0.24960336371	0.108952105484
MCT.f.0464	-0.0274261051932	-0.0200027426347	-0.200361538418
MCT.f.0462	-0.214968925008	0.30187103994	-0.0737892768244
MCT.f.0463	-0.15227435476	0.0129228223072	-0.28833578354
MCT.f.0473	0.457776666341	0.0390566051404	-0.00490745695292
MCT.f.0472	0.28450965185	0.0192028328246	-0.00896126349064
MCT.f.0468	-0.140480089491	-0.17883923133	0.0746131121191
MCT.f.0470	-0.0986459695689	-0.152581026272	0.157440197712

Biplot	0	0

Site constraints	0	0
