Eigvals	3
109.769072888	81.8706035168	37.7505094853

Proportion explained	3
0.320552178945	0.261918640528	0.138230985856

Species	0	0

Site	14	3
MCT.f.0389	0.111397223209	0.0161145621327	-0.138253919288
MCT.f.0388	0.0917592472964	0.0944062382395	-0.0122324439671
MCT.f.0383	0.0660404340184	-0.0103688586038	-0.061112065903
MCT.f.0382	-0.089549288249	-0.160865886992	0.0507976418644
MCT.f.0381	-0.0267860470505	0.0873765973295	0.0493880099432
MCT.f.0380	-0.220800561971	0.0771759616543	0.0784346040996
MCT.f.0387	-0.0391759559359	-0.0134632706061	0.139529043876
MCT.f.0386	0.0765487714918	-0.055467500416	0.03846012737
MCT.f.0378	0.0482653234652	0.0854762510967	-0.0424480295464
MCT.f.0379	-0.0621423006158	0.101453298247	0.0299722720585
MCT.f.0390	0.12267812458	0.0767952616408	0.00422994343794
MCT.f.0385	-0.0922696009837	-0.1464436592	-0.0735341482825
MCT.f.0384	-0.0300081769669	-0.0740078937727	-0.114315882162
MCT.f.0391	0.0440428077121	-0.078181100751	0.051084846499

Biplot	0	0

Site constraints	0	0
