Eigvals	3
109.769072888	81.8706035168	37.7505094853

Proportion explained	3
0.320552178945	0.261918640528	0.138230985856

Species	0	0

Site	14	3
MCT.f.0389	0.251355900142	0.0896165086703	-0.0401915826348
MCT.f.0388	0.231330305151	0.0436534602181	0.0217228373903
MCT.f.0383	-0.15054903544	-0.134695195517	-0.151991903213
MCT.f.0382	-0.213770652918	-0.0240525850528	-0.138098545778
MCT.f.0381	-0.189520436011	0.100533960511	-0.0681465018966
MCT.f.0380	-0.17531466189	0.133496396526	-0.0238314255552
MCT.f.0387	0.146923795796	-0.113199303804	0.170659674582
MCT.f.0386	0.110057218928	-0.214582616854	0.131164340276
MCT.f.0378	-0.112959675369	0.186918420958	0.231590628528
MCT.f.0379	-0.165769261097	0.224859939415	0.136592876735
MCT.f.0390	0.215688213853	0.125064400873	-0.128219831358
MCT.f.0385	-0.0316211470319	-0.276545212806	0.045289024688
MCT.f.0384	-0.105500998524	-0.251004488439	-0.0316417292933
MCT.f.0391	0.18965043441	0.109936315301	-0.15489786247

Biplot	0	0

Site constraints	0	0
