Eigvals	3
275.299160977	131.499905675	52.2256858154

Proportion explained	3
0.449889868992	0.260127023193	0.164438633793

Species	0	0

Site	6	3
MCT.f.0095	0.246549797031	-0.0145485866256	-0.183571288558
MCT.f.0094	0.193673505865	0.0515478923612	-0.292282022586
MCT.f.0091	-0.383621114673	-0.383002047505	-0.0582904459783
MCT.f.0089	-0.363846190671	0.391636885738	0.00391413761625
MCT.f.0099	0.19334355122	-0.0708789529711	0.25850014962
MCT.f.0098	0.113900451229	0.0252448090027	0.271729469886

Biplot	0	0

Site constraints	0	0
