Eigvals	3
275.299160977	131.499905675	52.2256858154

Proportion explained	3
0.449889868992	0.260127023193	0.164438633793

Species	0	0

Site	6	3
MCT.f.0095	0.168818246146	0.056479731123	-0.131328000578
MCT.f.0094	0.0181749874802	-0.135789353754	-0.154690958636
MCT.f.0091	-0.187551156309	-0.0680872396907	-0.0977983298029
MCT.f.0089	-0.142232568427	0.0825804693974	0.00785562907839
MCT.f.0099	0.152763176907	0.156694836364	-0.0540045017808
MCT.f.0098	-0.00997268579799	-0.0918784434396	0.429966161719

Biplot	0	0

Site constraints	0	0
