Eigvals	3
116.722041485	103.95496283	60.8285516542

Proportion explained	3
0.22841809686	0.19763680157	0.141113749671

Species	0	0

Site	13	3
sample11	0.109441568008	-0.197857878154	0.0966835816246
sample10	0.0805389431061	-0.0215271933573	0.132050600392
sample13	0.234421477453	0.11068115512	-0.0802255785201
sample15	0.255341774597	0.0395544479024	-0.138824439673
sample14	0.142576945076	-0.0671377216029	-0.158568303369
sample16	-0.00217717740471	0.287208151525	-0.0237761398741
sample5	-0.26380329397	-0.212010445712	-0.362959913377
sample4	-0.214252482861	0.0765706722694	0.0479730888936
sample7	0.0549458197095	0.172627762856	-0.0316516470589
sample3	-0.167839516633	0.131439236008	0.125189974431
sample2	-0.282867167777	0.0583242031989	0.0556236289919
sample9	0.00664874415491	-0.120331121092	0.181034727978
sample8	0.0470243665405	-0.257541268962	0.15745041956

Biplot	0	0

Site constraints	0	0
