Eigvals	3
116.722041485	103.95496283	60.8285516542

Proportion explained	3
0.22841809686	0.19763680157	0.141113749671

Species	0	0

Site	13	3
sample11	-0.0237605949214	-0.000879018110451	-0.111671067539
sample10	0.00906642342275	0.129817409179	0.137833292864
sample13	0.0294960508961	0.0575842856777	-0.0762875624417
sample15	0.0232204708754	-0.0918245954208	-0.102911785955
sample14	0.192993672936	0.0144090104481	0.0253453382047
sample16	0.07437622269	0.184529939029	-0.0824086867514
sample5	-0.0641163425089	-0.0373401739572	-0.084805797722
sample4	-0.00146080158646	-0.0115207081378	0.0915219532441
sample7	-0.00304996310429	-0.0588186452463	0.0995839109362
sample3	-0.0723046374574	-0.0414134668846	-0.0383084513755
sample2	-0.156402969591	-0.0104606565213	0.0301951108208
sample9	0.0297364930407	-0.0699010619096	0.0985568368578
sample8	-0.0377940246921	-0.0641823181454	0.0133569088581

Biplot	0	0

Site constraints	0	0
