Eigvals	3
106.70318287	91.3500944688	47.6834630235

Proportion explained	3
0.374630828232	0.249885611954	0.137702578599

Species	0	0

Site	12	3
MCT.f.0318	0.0694996256496	0.00708641328004	-0.103620350604
MCT.f.0319	0.06670782037	0.0491978954976	0.0061032866542
MCT.f.0314	-0.0491142362481	-0.124439738336	-0.0201920981925
MCT.f.0315	-0.0537366012769	-0.0835938378608	-0.110807957212
MCT.f.0316	-0.0352343888028	-0.076538972144	0.00990523199613
MCT.f.0322	0.0432523866151	-0.012012166744	-0.11890490804
MCT.f.0311	0.0846016585324	0.12337957612	0.0704102825738
MCT.f.0312	-0.258179930547	0.120665259169	0.0235842550714
MCT.f.0313	0.0131706097379	-0.0226468945723	0.0504142240765
MCT.f.0321	0.0174099165692	-0.0379280483333	0.0300471200188
MCT.f.0320	0.000440419177972	-0.0428057547579	0.115828321809
MCT.f.0323	0.101182720223	0.0996362686815	0.0472325918483

Biplot	0	0

Site constraints	0	0
