Eigvals	3
106.70318287	91.3500944688	47.6834630235

Proportion explained	3
0.374630828232	0.249885611954	0.137702578599

Species	0	0

Site	12	3
MCT.f.0318	0.128414605002	-0.257385053267	0.0369582753441
MCT.f.0319	0.190346107941	-0.155520988511	0.0959316977712
MCT.f.0314	-0.249942392812	-0.0217037957962	-0.0452843221618
MCT.f.0315	-0.163456076884	-0.135915688635	-0.129720540592
MCT.f.0316	-0.0395212102148	-0.226439637018	-0.165338276292
MCT.f.0322	0.23720111511	0.200740733161	-0.11257248441
MCT.f.0311	-0.239065310843	0.119325528653	0.163230917551
MCT.f.0312	-0.252462647305	0.125447010694	0.103029784318
MCT.f.0313	-0.259936500492	0.0628434208232	-0.0174350867512
MCT.f.0321	0.222155700686	0.0670567425509	0.0847548750703
MCT.f.0320	0.240291752341	-0.0205964273521	0.162633512379
MCT.f.0323	0.185974857469	0.242148154697	-0.176188352226

Biplot	0	0

Site constraints	0	0
