Eigvals	3
104.158714022	68.7993088263	56.6111762047

Proportion explained	3
0.197925617698	0.143607000254	0.122169708919

Species	0	0

Site	15	3
MCT.f.0344	-0.330338160927	0.155505121661	0.0272439714526
MCT.f.0351	0.0129382330452	-0.261272485664	-0.0235791133719
MCT.f.0347	0.180977868469	0.166656346858	0.0427308561584
MCT.f.0352	0.187503346885	0.155598529559	-0.116894440453
MCT.f.0341	-0.285756140474	0.0629189198352	0.0904258147793
MCT.f.0349	0.158228975518	-0.00379683064166	0.00349933049878
MCT.f.0348	0.181352167804	-0.0374102144427	0.157860888083
MCT.f.0350	0.0535089055983	-0.134874524013	0.293434364218
MCT.f.0346	0.0678342096549	0.144236500639	0.0310082673503
MCT.f.0345	-0.169818189246	0.131964898315	0.0217617629899
MCT.f.0353	0.093607582188	0.152261487614	-0.24501517085
MCT.f.0354	-0.142503220074	-0.0688025991861	-0.00489490403731
MCT.f.0355	-0.0866795632365	-0.228298527138	-0.183265921091
MCT.f.0356	-0.0137364446495	-0.17419756499	-0.198377216556
MCT.f.0357	0.0928804294447	-0.0604890584062	0.104061510827

Biplot	0	0

Site constraints	0	0
