Eigvals	3
161.830260974	119.142246216	74.6871462643

Proportion explained	3
0.228818926524	0.178491014391	0.132679112144

Species	0	0

Site	15	3
MCT.f.0233	-0.169502739175	-0.0443495390613	-0.0580054009416
MCT.f.0232	-0.018636755294	0.0838464969754	-0.224431152455
MCT.f.0231	-0.0799441825793	-0.0166665196782	-0.120931721315
MCT.f.0230	-0.0759236514472	-0.0781805004395	-0.00706233514601
MCT.f.0228	0.0947484437347	-0.145638980525	-0.0130024559617
MCT.f.0229	0.0636129331147	0.0129741833149	-0.0707774197734
MCT.f.0235	0.051631621597	0.0983893945483	-0.0674892445211
MCT.f.0234	-0.139580564382	0.0627042591206	0.0666281675589
MCT.f.0224	-0.0242023948057	-0.0862148535364	0.0746536047022
MCT.f.0225	-0.0289277551486	0.0371711674719	0.127922020182
MCT.f.0226	0.021681137622	0.00534334054756	0.11392095167
MCT.f.0227	0.0440741267254	-0.0756855360348	0.0725718291987
MCT.f.0223	0.0399696036811	0.00762088857247	0.00425592306682
MCT.f.0238	0.103654024473	0.0670670814957	0.109607910101
MCT.f.0236	0.117346151884	0.0716191172281	-0.00786067636641

Biplot	0	0

Site constraints	0	0
