Eigvals	3
161.830260974	119.142246216	74.6871462643

Proportion explained	3
0.228818926524	0.178491014391	0.132679112144

Species	0	0

Site	15	3
MCT.f.0233	-0.134866102801	0.121258126791	-0.149004626386
MCT.f.0232	-0.251263803606	-0.0275425496672	-0.192191541566
MCT.f.0231	-0.243088528966	-0.0711444899309	-0.135513293506
MCT.f.0230	-0.0809131733658	-0.195170507064	-0.0588669732911
MCT.f.0228	0.294503782216	-0.0854941764252	-0.109060808465
MCT.f.0229	0.219693483449	-0.206633577846	-0.034155943131
MCT.f.0235	0.198306726444	0.24401959951	-0.0178971466376
MCT.f.0234	0.0095251988766	0.284426042188	-0.0995735916125
MCT.f.0224	-0.103694093141	0.0181842714225	0.300748478755
MCT.f.0225	-0.0739762266458	-0.111387884702	0.19152340442
MCT.f.0226	-0.0223629070151	-0.161666038145	0.0532968836107
MCT.f.0227	0.176887855236	-0.0939967903613	-0.0691185603408
MCT.f.0223	-0.0735800053408	0.0703442994564	0.194507674536
MCT.f.0238	-0.0167643550043	0.11970581605	0.0136634499955
MCT.f.0236	0.101592149664	0.0950978587236	0.111642593619

Biplot	0	0

Site constraints	0	0
