Eigvals	3
322.734194877	169.641758672	48.5388260236

Proportion explained	3
0.522817370961	0.238247781512	0.100067744489

Species	0	0

Site	11	3
MCT.f.0620	-0.232606119724	-0.067301876378	-0.150386183773
MCT.f.0621	-0.15480139891	-0.152489677337	-0.107743894612
MCT.f.0622	0.0143004225499	-0.214905017596	-0.00143208657742
MCT.f.0623	0.110015739068	-0.207586544655	0.0758274701352
MCT.f.0619	-0.266938229295	0.0475235205405	-0.0818871638893
MCT.f.0618	-0.285617841129	0.158507696384	0.0886171393318
MCT.f.0627	0.308987082535	0.167930916081	-0.0660594745972
MCT.f.0628	0.288730301346	0.183568751774	-0.15394522729
MCT.f.0617	-0.267629426985	0.16963364019	0.170752663885
MCT.f.0624	0.197930615964	-0.106267393226	0.123178836744
MCT.f.0625	0.287628854579	0.0213859842236	0.103077920643

Biplot	0	0

Site constraints	0	0
