Eigvals	3
322.734194877	169.641758672	48.5388260236

Proportion explained	3
0.522817370961	0.238247781512	0.100067744489

Species	0	0

Site	11	3
MCT.f.0620	0.0377715184906	-0.131842442302	0.0225278699777
MCT.f.0621	-0.0292551283794	-0.0209004555375	-0.0217384711831
MCT.f.0622	0.00759680901624	-0.00882071729234	-0.0823716823109
MCT.f.0623	0.0222866695503	-0.09975487065	0.0184534473004
MCT.f.0619	-0.110433966014	0.131220476816	0.0447845170676
MCT.f.0618	0.0138527133639	-0.0403368319712	-0.0110761980544
MCT.f.0627	0.179545991079	0.209893312661	-0.0287214490297
MCT.f.0628	-0.0200469796132	-0.047235042567	-0.0175054463073
MCT.f.0617	-0.0987081327343	0.116838772959	0.0107568987647
MCT.f.0624	0.0424199312525	-0.100240679412	0.0854727047151
MCT.f.0625	-0.0450294260108	-0.00882152270419	-0.0205821909403

Biplot	0	0

Site constraints	0	0
