Eigvals	3
99.8597116713	52.9644084544	46.3990201675

Proportion explained	3
0.263804520387	0.176868916042	0.133277728889

Species	0	0

Site	11	3
sample11	0.166263262884	-0.191867174639	-0.112145327913
sample10	-0.0743862089576	0.0823326509248	-0.0666885659145
sample12	-0.267659835018	-0.125648770916	-0.000909506861754
sample15	-0.0185700249394	-0.0241787973383	0.112410528389
sample14	-0.171769228376	-0.216667224634	0.0928066774877
sample5	0.151512434719	0.290502548581	0.29324975499
sample4	0.317642975659	-0.173595150347	-0.0362559456456
sample7	-0.263435675554	-0.0739703371135	0.0951621595478
sample1	-0.0775323765728	0.336978739204	-0.109590150925
sample3	-0.0315633183585	0.13753858609	-0.29018747999
sample2	0.269497994514	-0.0414250698115	0.0221478568345

Biplot	0	0

Site constraints	0	0
