Eigvals	3
99.8597116713	52.9644084544	46.3990201675

Proportion explained	3
0.263804520387	0.176868916042	0.133277728889

Species	0	0

Site	11	3
sample11	0.0233909360826	-0.171781723671	-0.0133322734116
sample10	0.0440688435627	-0.0485926694549	0.0933390805238
sample12	0.0286422352893	-0.014482121514	0.0883562152119
sample15	-0.0161583754625	0.00411625602406	-0.0149949721028
sample14	-0.181879922568	-0.271508748235	0.00266888112176
sample5	0.0322492658735	0.178016043534	0.214628868079
sample4	0.0607797337214	-0.00768234684253	-0.13067928137
sample7	-0.147112015597	0.140821544524	-0.0228530533454
sample1	-0.0854284094616	0.0686175816716	-0.145119470833
sample3	0.0728804170083	0.0708126823887	-0.0167135315419
sample2	0.168567291551	0.051663501574	-0.0553004623309

Biplot	0	0

Site constraints	0	0
