Eigvals	3
275.31737453	131.577246748	52.2578279575

Proportion explained	3
0.405513402573	0.263762274581	0.148780295422

Species	0	0

Site	6	3
sample11	0.0103550110108	-0.207327076766	-0.252651989527
sample12	0.051549127829	0.324206972032	-0.051969581465
sample4	-0.539466174302	-0.009157171893	0.103458863175
sample7	0.215282039478	-0.150030158687	0.399509580281
sample2	0.119465726872	-0.289139940896	-0.146787932147
sample8	0.142814269112	0.33144737621	-0.0515589403162

Biplot	0	0

Site constraints	0	0
