Eigvals	3
275.31737453	131.577246748	52.2578279575

Proportion explained	3
0.405513402573	0.263762274581	0.148780295422

Species	0	0

Site	6	3
sample11	0.143445530818	-0.347582037388	-0.327336979827
sample12	0.0794807860552	0.235030150115	-0.0610826726259
sample4	-0.191817516957	-0.0850112922899	0.139385506637
sample7	0.0306937800537	-0.00552311242275	0.232154885885
sample2	-0.17667275877	-0.00618764881647	-0.0598934742425
sample8	0.1148701788	0.209273940802	0.0767727341729

Biplot	0	0

Site constraints	0	0
