Eigvals	3
102.976788208	68.7074854566	56.3106665087

Proportion explained	3
0.205254197021	0.153434102964	0.122932244755

Species	0	0

Site	14	3
sample11	0.110085985339	-0.212061468103	0.0429072323379
sample10	0.162092279823	-0.193997814829	0.119686855476
sample13	0.0199072875039	0.231455778212	-0.0981996226769
sample12	0.104300641123	0.23281302099	-0.112237632319
sample15	-0.115770042368	-0.223319661743	-0.267784323634
sample14	-0.191690766655	-0.172396883624	-0.143774543444
sample5	-0.183515509359	0.0595988592493	0.123558431766
sample4	-0.333128912756	0.0158758458799	0.191146222211
sample7	0.0821451849139	0.184083285605	-0.049178643355
sample6	-0.0157366140661	0.150110161502	0.0710827186673
sample3	0.255280689984	-0.0749937458626	0.16176157232
sample2	-0.183293300641	0.0248862856883	0.0816809076254
sample9	0.0927333896358	0.0143671791134	-0.191426452924
sample8	0.196589687523	-0.0364208420776	0.0707772779484

Biplot	0	0

Site constraints	0	0
