Eigvals	3
102.976788208	68.7074854566	56.3106665087

Proportion explained	3
0.205254197021	0.153434102964	0.122932244755

Species	0	0

Site	14	3
sample11	0.00845158954271	-0.111984386471	-0.0385920563425
sample10	0.0969364631938	-0.0270529243817	-0.00466520954287
sample13	0.0496364573553	0.0152186830721	0.0660481020826
sample12	0.063935636375	-0.0302916987565	-0.00653377594017
sample15	-0.0791417321238	-0.0863749023682	-0.0336383233111
sample14	-0.0691782361607	-0.0499972813343	-0.141600074489
sample5	-0.153880191525	0.0972566960799	-0.0782325717574
sample4	-0.0962084906325	-0.0449032467129	0.184717618114
sample7	0.00429811744056	0.0140694983119	-0.0251326376502
sample6	0.0359703360875	0.182721181233	0.0571476822462
sample3	-0.0125316765364	-0.0409964397763	0.0659345939243
sample2	-0.0154623134907	-0.058594316436	0.00387574014644
sample9	0.0829443566608	-0.0593384468653	0.00153201155758
sample8	0.0842296838136	0.200267584405	-0.0508610990376

Biplot	0	0

Site constraints	0	0
