Eigvals	3
168.65482043	112.158416976	65.8100268542

Proportion explained	3
0.229326123626	0.169767471483	0.120547851207

Species	0	0

Site	14	3
sample11	0.0992829138413	-0.000164546774668	-0.212157370155
sample10	-0.0119869364327	-0.0456681938209	0.0936414722261
sample13	0.195173634149	0.182565338033	-0.120157809813
sample12	-0.00752056043666	-0.217880122931	-0.201950639431
sample14	0.0658016566036	0.307945833372	-0.0959354583365
sample5	0.221477140011	-0.177149798115	0.240593121199
sample4	0.244513022195	0.134346110831	0.20849530187
sample7	-0.128464195533	-0.0381521518533	-0.0616147369818
sample6	0.161027537892	-0.217663746992	0.0105906604451
sample1	-0.223243834544	0.0653946187343	0.193553641164
sample3	-0.219624019924	0.154174866199	0.0702364593569
sample2	-0.246956321288	-0.0406736741898	0.0697552491831
sample9	-0.0299540573841	0.0456126946163	-0.121762313555
sample8	-0.119525979149	-0.152687227109	-0.0732875771724

Biplot	0	0

Site constraints	0	0
