Eigvals	3
168.65482043	112.158416976	65.8100268542

Proportion explained	3
0.229326123626	0.169767471483	0.120547851207

Species	0	0

Site	14	3
sample11	0.109635378657	0.0527994193996	-0.0500218516286
sample10	0.0225523872366	0.0515811368463	0.0232799663959
sample13	-0.0547234919541	-0.0059129839247	-0.0134535658789
sample12	0.0407806681393	-0.0330075319946	-0.00205200206227
sample14	-0.0965519864161	-0.00476691106824	-0.00381807011583
sample5	0.0476503935785	-0.12876543259	0.0756837610283
sample4	0.0586456834716	0.0713255185076	0.0405946019088
sample7	-0.0230268553986	-0.0528752748865	-0.0323542393239
sample6	-0.0544744215373	-0.0210097642944	0.00891581690623
sample1	-0.0700453410137	0.00229899958128	-0.00897624461572
sample3	0.0259733842399	0.0200790418396	0.0937472098285
sample2	-0.00960130764074	0.0629791004758	0.085518807297
sample9	0.0988625646284	0.0494567270419	-0.188163582414
sample8	-0.0956770559903	-0.0641820449338	-0.0289006073252

Biplot	0	0

Site constraints	0	0
