Eigvals	3
130.796328592	77.9941247594	57.0204222811

Proportion explained	3
0.246138720791	0.164614079457	0.134872989158

Species	0	0

Site	12	3
sample11	-0.277746994613	0.133008286686	-0.0143097119822
sample13	-0.0311222407377	-0.0884545676031	0.197733040197
sample12	-0.132942114484	-0.0835161327728	-0.18582791718
sample15	-0.191537776633	0.0216430229063	-0.0727468710142
sample14	0.112754706244	-0.165107076147	0.162238948936
sample5	0.0451770490162	-0.230530607649	-0.100126930498
sample4	0.106357075719	0.0142411472004	-0.278817096349
sample7	0.16440884919	0.0327494628795	0.270170450048
sample6	0.283868307195	-0.126525025992	-0.0935709799054
sample3	-0.141445020576	-0.0454707321198	0.0688324008594
sample2	-0.204080209151	0.13693842029	0.087285629648
sample8	0.266308368829	0.401023802321	-0.0408609627603

Biplot	0	0

Site constraints	0	0
