Eigvals	3
130.796328592	77.9941247594	57.0204222811

Proportion explained	3
0.246138720791	0.164614079457	0.134872989158

Species	0	0

Site	12	3
sample11	-0.0163362584442	0.0206701124027	0.106631476629
sample13	-0.0851319665509	-0.0375848322701	-0.00368208776909
sample12	-0.0313251844618	-0.0830073315045	0.12284561349
sample15	-0.0507389533597	0.0684431992572	-0.170126393981
sample14	0.00689563850821	0.0320294515541	0.112985662488
sample5	0.0814037878861	-0.0258038880209	-0.100286336511
sample4	-0.0490333662721	-0.0807567513109	-0.0282851432178
sample7	0.0639786712347	-0.0235999492762	0.0522939366552
sample6	0.12761831998	-0.0675790203642	-0.0975428274981
sample3	0.0326943659524	0.0873800852765	-0.0228515564294
sample2	-0.122974894718	0.0210736265532	-0.0236025745946
sample8	0.0429498402457	0.0887352977031	0.0516202307389

Biplot	0	0

Site constraints	0	0
