Eigvals	3
323.573434173	180.042931817	54.4399409268

Proportion explained	3
0.453641855819	0.228239357346	0.127301568386

Species	0	0

Site	12	3
MCT.f.0620	0.0660491371502	-0.0571808994224	0.113583844401
MCT.f.0621	-0.0231571519	-0.0293366229424	0.0138073086214
MCT.f.0622	0.0056061035818	-0.0750115407547	-0.0328110105321
MCT.f.0623	0.043239279206	-0.0519785462133	0.0838593736675
MCT.f.0619	-0.124090029822	0.088450614085	-0.0760862761765
MCT.f.0618	0.0208010527408	-0.0501412701955	0.0189466080757
MCT.f.0627	0.14510388812	0.0762941003936	-0.23027621402
MCT.f.0628	-0.002521517491	0.00156007987703	0.0537176671881
MCT.f.0617	-0.112778541029	0.0449224615558	-0.0853694664587
MCT.f.0616	-0.0467003962763	0.0861835871392	0.0279335419087
MCT.f.0624	0.0697968723358	0.000116182235891	0.110568330894
MCT.f.0625	-0.0413486966157	-0.0338781457582	0.00212629243096

Biplot	0	0

Site constraints	0	0
