Eigvals	3
323.573434173	180.042931817	54.4399409268

Proportion explained	3
0.453641855819	0.228239357346	0.127301568386

Species	0	0

Site	12	3
MCT.f.0620	-0.208211929627	-0.187627292809	-0.0712312518013
MCT.f.0621	-0.0455558427537	-0.24468636073	0.0493477622014
MCT.f.0622	0.0708534968159	-0.149502989724	0.156642158383
MCT.f.0623	0.152656087906	-0.0498787327643	0.191835798483
MCT.f.0619	-0.245361340481	-0.0946065041948	-0.139919340352
MCT.f.0618	-0.277704998161	0.0657314327814	-0.0591532024058
MCT.f.0627	0.262089761727	0.0602433888143	-0.191570092706
MCT.f.0628	0.252315694144	0.0277392194732	-0.221517506355
MCT.f.0617	-0.246169513104	0.189364368491	0.0307853436873
MCT.f.0616	-0.177865683068	0.252665266287	0.112095564292
MCT.f.0624	0.204600476571	0.0358502866868	0.129675378458
MCT.f.0625	0.258353790031	0.0947079176883	0.0130093881164

Biplot	0	0

Site constraints	0	0
