Eigvals	3
221.125773592	120.382362746	65.0357889082

Proportion explained	3
0.431236100767	0.207343529756	0.0990567122666

Species	0	0

Site	11	3
sample10	0.0659547698644	0.0592388517171	-0.111277325341
sample13	0.132283584767	0.114482336688	-0.0958285568124
sample12	0.0930872970481	0.152361461037	5.31353776534e-05
sample5	0.0474809814886	0.0655266888977	0.17607847015
sample4	-0.0342063277252	0.105667859925	-0.0564196296589
sample7	0.124057618227	-0.225237640191	-0.017093466807
sample1	-0.159854370927	0.0405774942552	-0.107543961181
sample3	-0.209609686287	-0.0413683215433	0.13808308614
sample2	-0.345373759445	-0.0823572794489	-0.0669881063996
sample9	0.0938362128906	-0.0385643201276	0.0369213000693
sample8	0.192343680098	-0.150327131209	0.104015054463

Biplot	0	0

Site constraints	0	0
