Eigvals	3
221.125773592	120.382362746	65.0357889082

Proportion explained	3
0.431236100767	0.207343529756	0.0990567122666

Species	0	0

Site	11	3
sample10	0.228368511899	-0.102807327215	0.0448605407223
sample13	0.16319978369	-0.0320313926639	-0.115823690781
sample12	0.139568643386	-0.0200056938553	0.129352854999
sample5	0.00314637684484	0.335157856676	0.00672320339201
sample4	0.00288699523874	0.312682389087	0.00905486330332
sample7	0.137287371263	-0.0525643922638	-0.186257921346
sample1	-0.369664604054	-0.0468212357166	-0.0345064661949
sample3	-0.366371364948	-0.0834401133822	0.15562939719
sample2	-0.375639226852	-0.0955569446641	-0.105454352725
sample9	0.226305101826	-0.113804695938	0.0286283289128
sample8	0.210912411708	-0.100808450065	0.0677932425282

Biplot	0	0

Site constraints	0	0
