Eigvals	3
245.012030779	123.938090656	102.170050685

Proportion explained	3
0.251931044427	0.151555356677	0.125908422497

Species	0	0

Site	14	3
sample11	0.136060971259	0.0928690294241	-0.0505839483194
sample10	0.0215687950754	-0.00341737506554	0.124237522887
sample13	0.0716056093896	-0.050598988313	0.0735698747326
sample12	0.119412372163	-0.0159903986602	-0.0521599424508
sample14	0.0506994938955	-0.140443446675	-0.0300326957209
sample5	0.00149863219469	0.0751412117618	0.0342181597779
sample4	-0.201069944098	-0.0198357618396	-0.0994426727608
sample7	-0.0881452303656	-0.0825415175133	-0.00830293487448
sample6	-0.0315601694696	-0.026745001375	0.0327543932668
sample1	-0.0676771667231	0.00115630148746	0.084569237798
sample3	-0.102394704483	0.0476412521464	0.123854621801
sample2	-0.099992107152	-0.0970142830663	-0.031586404011
sample9	0.0979876211148	0.0381418333956	-0.140647993693
sample8	0.0920058271994	0.181637144293	-0.0604472184334

Biplot	0	0

Site constraints	0	0
