Eigvals	3
245.012030779	123.938090656	102.170050685

Proportion explained	3
0.251931044427	0.151555356677	0.125908422497

Species	0	0

Site	14	3
sample11	0.247656666382	-0.0402361464711	-0.0353670459879
sample10	0.1384078532	0.197572245058	0.0136152943993
sample13	0.0909275014835	-0.0797569114867	0.1050634377
sample12	0.140219799873	-0.169868472523	-0.198465024864
sample14	0.17218917694	-0.336310258967	-0.0105782771737
sample5	0.0691141594761	0.0517497332084	0.374021461454
sample4	-0.225852930738	-0.0282799926641	-0.069542257983
sample7	-0.0842881536758	-0.0390743550623	0.125577242245
sample6	0.156391321956	0.219891254048	-0.160411017635
sample1	-0.216179365045	0.0635524908222	0.0703716266467
sample3	-0.241762973583	-0.151639993069	0.0019956586052
sample2	-0.242411889487	-0.00133862456264	-0.0937846203337
sample9	0.109317373035	0.163137907236	0.000520237206107
sample8	-0.113728539817	0.150601124433	-0.123016714279

Biplot	0	0

Site constraints	0	0
