Eigvals	3
76.3914725535	49.6824053056	31.5486480835

Proportion explained	3
0.247171988015	0.17228179136	0.127255786383

Species	0	0

Site	10	3
sample11	-0.160963405688	0.0633299684697	-0.0175112307289
sample13	0.385472144207	-0.119701095562	-0.356851827964
sample12	-0.00062115095007	0.271427817573	0.0275304308716
sample14	0.383335344304	0.185554332451	0.261997713138
sample5	-0.183813903897	-0.0127867534848	-0.0647552215603
sample7	-0.0184097825319	-0.234059581409	0.0784457152954
sample6	-0.00843438164487	-0.337730868977	0.220566176931
sample1	-0.0752367189109	0.0770030589339	0.023126811614
sample2	-0.169832992121	0.116467319543	-0.0721568406231
sample8	-0.151495152767	-0.00950419753847	-0.100391726974

Biplot	0	0

Site constraints	0	0
