Eigvals	3
76.3914725535	49.6824053056	31.5486480835

Proportion explained	3
0.247171988015	0.17228179136	0.127255786383

Species	0	0

Site	10	3
sample11	0.0788998672404	-0.0169104671585	0.105094962125
sample13	0.0652429736871	0.0059496463334	-0.0976788949624
sample12	-0.0528593381182	0.0329600123698	-0.0266519055502
sample14	0.0738689076597	0.0278572612652	0.0555896169388
sample5	-0.000399364749497	-0.119403324034	0.0660855520933
sample7	-0.186219183079	-0.0303741847472	0.0640646944429
sample6	0.0424329471408	-0.0816704512287	0.0139888342545
sample1	0.03328587562	0.101793347011	0.104325317646
sample2	-0.0921920194215	0.100881565512	-0.164312934626
sample8	0.0379393340207	-0.0210834053218	-0.120505242362

Biplot	0	0

Site constraints	0	0
