Eigvals	3
109.752350409	81.8632061856	37.8222013081

Proportion explained	3
0.230468637366	0.185037330218	0.115326839173

Species	0	0

Site	14	3
sample11	0.0100944511041	0.0245329143633	0.12540482158
sample10	0.0906168307	0.0804518705258	-0.0722903864417
sample13	0.0438535497538	0.00883265766734	0.133051869835
sample12	-0.0531630960027	-0.106033350305	0.125704212015
sample14	0.0849303842609	-0.0451561091346	-0.0277129827064
sample5	0.04020468573	-0.0517944026292	-0.173157667689
sample4	-0.00179966336956	0.0987458956728	0.0196999231926
sample7	-0.0811715579224	-0.101920145386	-0.0360456426797
sample6	-0.00966695016686	-0.0657997749212	0.0573315911289
sample1	-0.0328471686135	0.0189776728591	0.096490089611
sample3	-0.0766385910479	0.182677365819	-0.133995572536
sample2	-0.0390661188862	0.112091461164	0.00751452701875
sample9	0.085325345611	-0.0485020063527	0.0124912021052
sample8	-0.0606721011507	-0.107104049342	-0.134485984435

Biplot	0	0

Site constraints	0	0
