Eigvals	3
109.752350409	81.8632061856	37.8222013081

Proportion explained	3
0.230468637366	0.185037330218	0.115326839173

Species	0	0

Site	14	3
sample11	0.159202950962	-0.0523706043862	0.133551368577
sample10	0.0824717877279	0.145428466361	-0.157626928
sample13	-0.277317157787	-0.0415775037749	0.199177894721
sample12	0.0476578164445	-0.0269829545058	-0.12144502785
sample14	0.231636273388	-0.0656431298306	0.0200092749442
sample5	0.115283724812	0.118478690165	0.0226939962867
sample4	-0.231704689738	0.148803718312	-0.121625836547
sample7	-0.257528280432	-0.0825186359403	0.186212313834
sample6	0.211604351414	-0.0769451978154	0.0492200555718
sample1	-0.00722040314638	0.127185168643	0.140387014153
sample3	-0.0922197889	0.221341476024	-0.222032783599
sample2	0.103140044949	0.161245598661	0.1497999045
sample9	0.0260871153068	-0.307507084371	-0.0799212730313
sample8	-0.111093745001	-0.268938007542	-0.19839997356

Biplot	0	0

Site constraints	0	0
