Eigvals	3
152.321863166	87.6354463989	62.3844836924

Proportion explained	3
0.353528682029	0.220045268731	0.150243435129

Species	0	0

Site	10	3
MCT.f.0219	0.305372374559	-0.0674676836175	-0.0300857412167
MCT.f.0218	0.231921929933	-0.0478496506125	0.143790625412
MCT.f.0209	-0.0543844132055	0.361764809561	0.0923827073245
MCT.f.0211	-0.0558561669534	0.321572159707	-0.0185683710755
MCT.f.0215	-0.279877138639	-0.193905613717	0.0477493023347
MCT.f.0213	-0.192942495365	-0.0041947941879	-0.212641242316
MCT.f.0220	0.27062467693	-0.0879537452549	-0.132616708838
MCT.f.0214	-0.304694641241	-0.107109332931	-0.10635532569
MCT.f.0216	-0.0938231919891	-0.133800920875	0.306278965893
MCT.f.0221	0.173659065971	-0.0410552280722	-0.0899342118275

Biplot	0	0

Site constraints	0	0
