Eigvals	3
152.321863166	87.6354463989	62.3844836924

Proportion explained	3
0.353528682029	0.220045268731	0.150243435129

Species	0	0

Site	10	3
MCT.f.0219	0.239726260722	-0.0901823078174	-0.0316478515132
MCT.f.0218	0.181764625647	-0.0967179547891	0.0607733111096
MCT.f.0209	-0.0986958793484	0.168251830326	0.130763191523
MCT.f.0211	-0.126787328868	0.35321957021	-0.131058140496
MCT.f.0215	-0.150177898667	-0.0089689002298	0.104486598053
MCT.f.0213	-0.0522325895456	0.0179653156174	0.0949596552422
MCT.f.0220	0.0826239028791	-0.123161793865	0.0364575583279
MCT.f.0214	-0.235631807683	-0.139876309496	-0.277868453426
MCT.f.0216	0.0112186423652	-0.0855393599085	0.12553470263
MCT.f.0221	0.148192072499	0.005009909952	-0.11240057145

Biplot	0	0

Site constraints	0	0
