Eigvals	3
191.709514043	63.0468284443	36.9854077285

Proportion explained	3
0.430789798142	0.188790498456	0.143897017147

Species	0	0

Site	12	3
MCT.f.0527	0.0195158047337	0.210560494818	-0.226441288522
MCT.f.0526	0.194476632632	0.194851398577	-0.117042129473
MCT.f.0525	0.238459197536	0.127784894517	-0.035171392577
MCT.f.0524	0.271411148862	-0.00942982970225	0.11335082097
MCT.f.0523	0.238805636076	-0.117669234345	0.143674583221
MCT.f.0522	0.157339133655	-0.224485377145	0.0867782200534
MCT.f.0520	-0.0632834819708	-0.201731685424	-0.125008926478
MCT.f.0516	-0.281058586949	0.0420142453672	0.080070125714
MCT.f.0517	-0.232532856251	-0.0673113042988	-0.0821256723745
MCT.f.0514	-0.199819076887	0.112921966292	0.168706085243
MCT.f.0515	-0.211062754113	0.120141971189	0.188440536669
MCT.f.0519	-0.132250797324	-0.187647539845	-0.195230962447

Biplot	0	0

Site constraints	0	0
