Eigvals	3
191.709514043	63.0468284443	36.9854077285

Proportion explained	3
0.430789798142	0.188790498456	0.143897017147

Species	0	0

Site	12	3
MCT.f.0527	0.00875370475593	0.150389207547	0.0144124948885
MCT.f.0526	-0.000628607576482	0.0367974392945	-0.0770985332528
MCT.f.0525	0.12235178435	-0.0655019328137	0.0362015656775
MCT.f.0524	0.0675218422813	-0.0278853662359	-0.0606841478437
MCT.f.0523	-0.0254456525061	0.0456874258075	-0.0512998302982
MCT.f.0522	-0.0164139551705	-0.0632304750863	0.0961620534361
MCT.f.0520	0.12155065836	-0.0691587777161	-0.00190082950422
MCT.f.0516	-0.116505252843	0.00230828251445	0.0441311216406
MCT.f.0517	-0.122019380252	0.0154530323282	0.0545927169484
MCT.f.0514	0.0490788471827	-0.0932855665772	-0.0315105057257
MCT.f.0515	-0.123919306788	0.145094604973	0.0617647827461
MCT.f.0519	0.0356753182065	-0.0766678740346	-0.0847708887126

Biplot	0	0

Site constraints	0	0
