Eigvals	3
220.982647026	120.3836246	65.145157904

Proportion explained	3
0.375326402137	0.203053240917	0.131459273646

Species	0	0

Site	11	3
sample11	-0.0185667260528	-0.0381799441814	0.12681475306
sample10	0.100327843353	-0.0117348472981	0.00973409302597
sample13	0.0228629735304	0.0938744956307	0.137227048326
sample14	0.0215028320276	0.0025313844349	0.186240405215
sample5	-0.0848523145423	0.0386363953143	0.0708436452613
sample4	-0.0844880176353	0.0819470670573	-0.208143905174
sample6	0.0948206758365	0.153037804854	-0.0276904769624
sample3	-0.267403458624	-0.064303061499	-0.199270194163
sample2	-0.183095150444	-0.025778527153	-0.00789893324518
sample9	0.240921045093	-0.0540672601351	-0.0353050523213
sample8	0.157970297457	-0.175963507025	-0.0525513830214

Biplot	0	0

Site constraints	0	0
