Eigvals	3
220.982647026	120.3836246	65.145157904

Proportion explained	3
0.375326402137	0.203053240917	0.131459273646

Species	0	0

Site	11	3
sample11	0.14014014864	-0.0659451715833	-0.0644030547114
sample10	0.239468816463	-0.107490261891	-0.0141880473236
sample13	0.161614801089	-0.0380019122046	0.0157944528566
sample14	-0.133093497988	0.117918670706	0.379436279052
sample5	-0.0225993735812	0.305141064955	-0.129168496993
sample4	-0.0215403683152	0.274395925027	-0.144730322407
sample6	-0.0616491728785	0.0456598645106	0.106213675515
sample3	-0.384469965094	-0.163854528357	-0.10653128208
sample2	-0.370295886512	-0.155324188013	-0.0493339453027
sample9	0.229068024292	-0.106876588492	0.0196885904668
sample8	0.223356473885	-0.10562287466	-0.0127778490712

Biplot	0	0

Site constraints	0	0
