Eigvals	3
117.362667664	64.2754084404	51.1100959159

Proportion explained	3
0.246292659891	0.159016358897	0.126857671216

Species	0	0

Site	13	3
sample11	0.125071026974	-0.128532232923	-0.207344954723
sample10	0.0599354372816	-0.0776089654475	0.310228385587
sample13	-0.324221753889	0.0370422838242	0.0402309789244
sample12	0.247812321796	0.205954862975	0.134795307173
sample14	-0.17472058202	-0.114917948845	-0.0624679986393
sample5	0.125221728871	-0.0820318340321	0.0711377547542
sample4	0.00790881041883	0.160334285519	-0.199464485378
sample7	0.157814242151	-0.187354300801	-0.138466882402
sample6	0.172683455179	0.282995357159	-0.00891962522067
sample1	-0.324221753889	0.0370422838242	0.0402309789244
sample3	-0.112460658329	0.183347902084	-0.107374210694
sample9	0.0776467325371	-0.242983650395	-0.0172560327735
sample8	-0.0384690070816	-0.0732880429437	0.144670784468

Biplot	0	0

Site constraints	0	0
