Eigvals	3
117.362667664	64.2754084404	51.1100959159

Proportion explained	3
0.246292659891	0.159016358897	0.126857671216

Species	0	0

Site	13	3
sample11	-0.0733708065177	-0.0744993817774	-0.0589613265251
sample10	0.0218535749969	-0.00431551503573	-0.0132508163271
sample13	-0.145530393785	0.0476709598918	0.026316805365
sample12	-0.00716129954061	0.159486675881	-0.014506724558
sample14	0.0209256576716	-0.0357374136106	-0.240213705263
sample5	0.0646255893584	0.0489524475582	-0.0676062013968
sample4	0.0812044863162	0.131436981191	-0.0166909503444
sample7	-0.0231626242531	-0.133528740851	0.0692606302383
sample6	0.102841980345	0.0437261574118	0.0242198854968
sample1	-0.132559518958	-0.0644785002571	0.110175330582
sample3	0.0240305481458	0.0857371232569	0.00847937210098
sample9	0.0769981799951	-0.10605007145	0.0766316673201
sample8	-0.0106953737748	-0.0984007222087	0.0961460333108

Biplot	0	0

Site constraints	0	0
