Eigvals	3
96.3783696706	61.9338707017	53.6586478486

Proportion explained	3
0.23618820059	0.15659783825	0.136679194138

Species	0	0

Site	13	3
sample11	-0.231559950105	-0.0911051122873	0.107879853154
sample10	-0.192526272428	-0.133594527397	0.0402131057318
sample13	0.190850561118	0.277873399957	-0.101145079453
sample14	0.216459213731	-0.129039773135	-0.127577022812
sample5	0.168530654874	0.0174262536106	0.217049504201
sample4	0.108894036816	-0.0961013622133	0.028563580989
sample7	-0.0176912457834	-0.123997159033	0.215915700679
sample6	0.316126054101	-0.180277816853	-0.0898586929538
sample1	-0.17311548193	0.131709527645	-0.145154772388
sample3	-0.169374398594	0.132441552121	-0.0873936025487
sample2	-0.219458929094	-0.0258397660778	0.0145340130068
sample9	0.0849785890632	0.287724714255	0.176194353047
sample8	-0.08211283177	-0.0672199305924	-0.249220940653

Biplot	0	0

Site constraints	0	0
