Eigvals	3
96.3783696706	61.9338707017	53.6586478486

Proportion explained	3
0.23618820059	0.15659783825	0.136679194138

Species	0	0

Site	13	3
sample11	0.0179935313136	0.046716567198	0.0698385839641
sample10	-0.0339519285285	0.00320616807964	0.0361177563323
sample13	0.0571884390815	0.063599948142	0.0412489595165
sample14	0.136226807826	-0.0587959467303	-0.0390006587429
sample5	-0.010974862121	0.0255185162939	-0.0347330904562
sample4	-0.0222084347026	0.0658631654289	-0.00387790447544
sample7	0.0019036903679	-0.108866624658	0.0702967792463
sample6	-0.0157790452643	0.0364474799504	-0.00308331368794
sample1	-0.0412198106642	0.0380125077542	-0.0352814766021
sample3	-0.0164231585068	0.042100694328	-0.0299273046901
sample2	-0.0388772845319	-0.016480906504	-0.083362056059
sample9	0.00843769201546	-0.0577241677078	-0.00721333434226
sample8	-0.0423156362853	-0.079597401575	0.0189770599968

Biplot	0	0

Site constraints	0	0
