Eigvals	3
131.094433074	63.9033035284	41.8563486132

Proportion explained	3
0.24864308293	0.151942706895	0.110320177765

Species	0	0

Site	13	3
sample11	0.0633112537234	-0.179301606224	-0.0364664974903
sample10	0.0514091346843	-0.113132175183	-0.0108932772602
sample13	-0.316475165505	-0.029413430389	-0.246255926389
sample12	-0.129370497242	-0.13202158226	0.0128706355337
sample5	0.109026753996	0.29716367395	-0.111036896054
sample4	-0.0812647443127	0.0716711590916	-0.210730435834
sample7	-0.209387995244	-0.111104930637	0.15467125815
sample6	-0.203696281042	0.0339520822426	0.231072221495
sample1	-0.0537901221486	0.260451697224	0.201889586537
sample3	0.0988862522641	0.0279983148326	0.0350619404054
sample2	0.206838723562	-0.209191438503	-0.0899868201576
sample9	0.286436706795	-0.114438288325	0.134833634984
sample8	0.178075980469	0.19736652418	-0.0650294239189

Biplot	0	0

Site constraints	0	0
