Eigvals	3
131.094433074	63.9033035284	41.8563486132

Proportion explained	3
0.24864308293	0.151942706895	0.110320177765

Species	0	0

Site	13	3
sample11	-0.0586747165651	-0.0619097780185	-0.00265402329808
sample10	0.00936418560268	-0.119616932562	-0.0685595400522
sample13	0.0103640704913	-0.0578467222749	-0.04776412941
sample12	-0.0636172435595	0.00477429547298	0.00658731108363
sample5	-0.0203059425759	0.0669194665673	0.0371386942255
sample4	-0.00588428578542	0.0644285507559	-0.0296812497148
sample7	0.0430935951569	-0.0261401957775	0.062738621202
sample6	-0.0368729816205	0.0533442633099	0.0642561796645
sample1	-0.000267119041133	0.0732823158025	-0.0345032259761
sample3	0.158039418874	-0.0431271941357	-0.0567053648006
sample2	0.00441888027001	0.0334502398244	-0.0463626318439
sample9	-0.0181120290704	0.0101015341267	0.0583194224322
sample8	-0.021545832177	0.00234015690861	0.0571899364879

Biplot	0	0

Site constraints	0	0
