Eigvals	3
95.2587975248	46.1170515324	33.3808838959

Proportion explained	3
0.45298213778	0.257941024102	0.154906941259

Species	0	0

Site	7	3
MCT.f.0475	0.294113933591	0.0554200258852	-0.175684321399
MCT.f.0467	-0.282226971909	-0.0861466716973	-0.189839943287
MCT.f.0464	-0.242856243048	0.465136907522	0.10659394341
MCT.f.0470	-0.128999340629	-0.272718100049	0.257591743802
MCT.f.0473	0.349236197538	0.00781291017554	-0.00636334687114
MCT.f.0472	0.272100511667	-0.0184894420906	0.115179736266
MCT.f.0468	-0.261368087209	-0.151015629745	-0.107477811922

Biplot	0	0

Site constraints	0	0
