Eigvals	3
95.2587975248	46.1170515324	33.3808838959

Proportion explained	3
0.45298213778	0.257941024102	0.154906941259

Species	0	0

Site	7	3
MCT.f.0475	0.342747684838	-0.0159307563039	-0.350747404086
MCT.f.0467	-0.231611927525	0.0123197164265	-0.131467092813
MCT.f.0464	-0.107312600925	0.182187643176	0.022836620503
MCT.f.0470	-0.0458291029746	-0.25895184309	0.0819197310288
MCT.f.0473	0.0908025448476	0.0262111492491	0.24958359888
MCT.f.0472	0.155241337118	0.101578924199	0.0528064311716
MCT.f.0468	-0.204037935379	-0.0474148336565	0.0750681153151

Biplot	0	0

Site constraints	0	0
