Eigvals	3
130.29053732	87.0045139783	71.2093410674

Proportion explained	3
0.191786818069	0.140912014718	0.115944119528

Species	0	0

Site	17	3
MCT.f.0545	-0.0458768354414	0.133249646074	0.0638480551909
MCT.f.0558	-0.120621050544	0.0574620873442	0.0228535033226
MCT.f.0557	-0.210237722699	0.0291246871198	0.0337605295684
MCT.f.0549	-0.00913125614948	0.270563983823	-0.00212751042852
MCT.f.0548	-0.0661227644262	-0.0189718988655	0.205068245413
MCT.f.0561	-0.157306530057	-0.0175260377025	0.101810620599
MCT.f.0560	0.136742692278	-0.227823958851	0.136263334986
MCT.f.0546	0.0940415062222	-0.151777935045	0.0899551844202
MCT.f.0547	-0.159747858044	0.0517150210044	0.14220968436
MCT.f.0552	0.23875952587	-0.0235287171477	-0.151553575578
MCT.f.0553	-0.0840270822196	-0.172154353299	-0.235847863048
MCT.f.0559	0.192066087335	-0.211049892739	0.10037110519
MCT.f.0551	-0.141808722818	-0.0576425633044	-0.220358107849
MCT.f.0556	0.236063833403	0.126042527844	-0.0374055877346
MCT.f.0550	-0.177816479443	-0.109744606879	-0.157861866493
MCT.f.0554	0.0908955243848	0.147384859488	-0.0141331537439
MCT.f.0555	0.18412713235	0.174677151135	-0.0768525981746

Biplot	0	0

Site constraints	0	0
