Eigvals	3
130.29053732	87.0045139783	71.2093410674

Proportion explained	3
0.191786818069	0.140912014718	0.115944119528

Species	0	0

Site	17	3
MCT.f.0545	-0.0731735553186	-0.0919187815444	-0.0611679852259
MCT.f.0558	0.0619538904916	-0.0737674085694	0.0972201735002
MCT.f.0557	0.0427532801275	-0.0372911668911	0.0634975606415
MCT.f.0549	0.00512512366303	0.0268310387992	0.0230221287232
MCT.f.0548	-0.0611627635455	0.045532187881	0.0372654694871
MCT.f.0561	-0.0133021652545	-0.0482370677769	0.0078488838406
MCT.f.0560	0.0492614727505	-0.0381202578851	0.0290032111407
MCT.f.0546	-0.0866477385403	0.00746087872983	0.0459834152846
MCT.f.0547	-0.0844608253998	0.0417354229055	-0.00704027088297
MCT.f.0552	0.049755141311	-0.0563613233572	-0.0528226286489
MCT.f.0553	0.0273942091027	-0.0445577453901	-0.106397513468
MCT.f.0559	0.0294284434595	-0.000299311318861	0.0323542213441
MCT.f.0551	-0.0433576374364	0.0643807443298	-0.0436233099086
MCT.f.0556	0.0841839002152	-0.0251550956384	0.0174545498679
MCT.f.0550	-0.0562686187175	0.03767112176	0.0352246272568
MCT.f.0554	0.0381794444913	0.0475479804632	-0.0475001640256
MCT.f.0555	0.0303383986005	0.144548783503	-0.0703223689271

Biplot	0	0

Site constraints	0	0
