Eigvals	3
279.998706145	113.100272733	60.961048563

Proportion explained	3
0.331825158442	0.164603341183	0.109138321558

Species	0	0

Site	12	3
sample12	0.111380729292	0.0463884243538	0.305659453463
sample15	0.150968018407	-0.224809598306	0.130292233887
sample14	-0.345931058934	-0.174823844921	-0.0608527368874
sample17	0.290816210807	-0.0803355447281	0.000249290524295
sample5	-0.170170447454	-0.0821708059836	-0.023020959388
sample4	-0.207303781478	-0.160783255668	-0.0178623454279
sample7	-0.190936221532	0.210751396344	0.129469900182
sample1	0.0474039871049	0.261660931416	-0.0597993935338
sample3	0.142385639686	0.058872177545	-0.315141103085
sample2	0.127445633745	-0.126866614411	-0.0704249086703
sample9	0.210976984281	0.067245625728	-0.010999422782
sample8	-0.167035693925	0.20487110863	-0.00757000828224

Biplot	0	0

Site constraints	0	0
