Eigvals	3
207.303043428	85.4498311653	62.2859089518

Proportion explained	3
0.332201246009	0.157978483228	0.122166189619

Species	0	0

Site	16	3
MCT.f.0129	0.00757737963947	-0.145652072494	-0.0523530108424
MCT.f.0128	-0.0153640853796	-0.0410396825304	-0.0257197521659
MCT.f.0123	0.0275979965764	0.0530422040321	-0.000116381133952
MCT.f.0122	-0.0160870121985	0.0744858715686	0.024070707181
MCT.f.0121	-0.067399183824	0.00668555811128	-0.0297585419147
MCT.f.0127	0.0114809976998	0.0224639092272	0.000229201379175
MCT.f.0126	0.049780855623	-0.054092708819	0.01753497677
MCT.f.0125	0.0289817315804	0.0414218496004	-0.0314985879182
MCT.f.0124	-0.0863112264078	0.0401724382615	-0.00953148964786
MCT.f.0134	0.0176292215944	0.0648198650227	-0.00235004415247
MCT.f.0135	-0.0389120007547	-0.057047371078	-0.0134486799491
MCT.f.0136	0.0408230677657	-0.0156570153643	-0.0301267853057
MCT.f.0130	-0.00844104500089	0.041680154176	0.105536571308
MCT.f.0131	0.00852159587113	-0.0293788001817	-0.0205601481952
MCT.f.0132	0.0292273975466	0.0218590220842	0.00900095236764
MCT.f.0133	0.0108943096687	-0.0237632216163	0.0590910122196

Biplot	0	0

Site constraints	0	0
