Eigvals	3
207.303043428	85.4498311653	62.2859089518

Proportion explained	3
0.332201246009	0.157978483228	0.122166189619

Species	0	0

Site	16	3
MCT.f.0129	-0.0895394442124	-0.0362994477842	-0.0686521060874
MCT.f.0128	-0.0795946173738	-0.120398063959	0.014950925157
MCT.f.0123	-0.168980937157	0.083725781237	-0.0452442628676
MCT.f.0122	-0.174093337428	0.100107896673	-0.0487765587773
MCT.f.0121	-0.167134208553	0.129238335912	-0.0261983126929
MCT.f.0127	-0.0906035525994	-0.247080866893	0.232500854202
MCT.f.0126	-0.145393343197	-0.0991230509241	0.163465701596
MCT.f.0125	-0.127274778641	0.109702916648	-0.0249978766982
MCT.f.0124	-0.17079638831	0.151421180025	-0.116909085183
MCT.f.0134	0.24238265316	-0.00947177737898	-0.0608098577425
MCT.f.0135	0.151989937703	-0.176950258814	-0.153940699061
MCT.f.0136	0.167365642081	-0.156930025101	-0.222817906042
MCT.f.0130	-0.0400105042409	-0.0960981701977	0.0171870022142
MCT.f.0131	0.0555596539945	0.0622323600473	0.11941834047
MCT.f.0132	0.253175486904	0.197504211088	0.145425717152
MCT.f.0133	0.382947737871	0.108418979421	0.0753981243604

Biplot	0	0

Site constraints	0	0
