Eigvals	3
121.837945707	66.5418450124	56.8500476152

Proportion explained	3
0.245587536099	0.144075699398	0.121479343533

Species	0	0

Site	15	3
sample11	0.0906657369731	-0.174741276747	-0.0849874970465
sample10	0.0497877139957	0.0377420781396	0.226645527454
sample13	0.230230940478	-0.0451975296127	0.162199107434
sample12	0.23398414011	0.161305394816	-0.134195445866
sample15	-0.270193156537	0.126045067183	0.0091921987246
sample14	0.032487286633	-0.236561711483	-0.245869453765
sample16	-0.224547210232	-0.0974312008921	-0.00327127571593
sample5	0.118801650742	-0.0117667112873	0.0444560829475
sample7	0.162369298318	0.213327556419	-0.185795422537
sample6	0.201818297671	0.0407543557086	0.125661860404
sample1	-0.270193156537	0.126045067183	0.0091921987246
sample3	-0.094690272993	0.163186951744	-0.0938146584034
sample2	-0.224547210232	-0.0974312008921	-0.00327127571593
sample9	0.0251650535193	-0.230507451867	0.037481938285
sample8	-0.0611391119107	0.0252306115874	0.136376115075

Biplot	0	0

Site constraints	0	0
