Eigvals	3
121.837945707	66.5418450124	56.8500476152

Proportion explained	3
0.245587536099	0.144075699398	0.121479343533

Species	0	0

Site	15	3
sample11	-0.0369791708289	-0.0312710232763	-0.0157396826143
sample10	-0.0350939436807	0.00749558913159	0.0281638217161
sample13	0.000476100258126	-0.0055727258814	0.045128106144
sample12	0.000464758167377	-0.0152245018865	-0.0179525423251
sample15	-0.00790211877978	0.04427817202	0.0129620209072
sample14	0.0418333944049	0.0404685174766	-0.0185175718208
sample16	0.0652363235049	-0.041983848299	0.0462093235372
sample5	0.0202724220788	0.0164882336257	-0.0217651972534
sample7	0.0342825165793	-0.0143560559566	-0.0174790035859
sample6	0.0480231196841	0.0194043604734	-0.0216378964365
sample1	-0.0222748613305	-0.026590479662	-0.00886229073689
sample3	-0.0494890592755	0.0324255756319	0.0285940004274
sample2	-0.0266191989457	-0.0020612419106	-0.0262718887557
sample9	-0.0460787554365	-0.0159157427625	0.0187786939304
sample8	0.0138484736001	-0.00758482872436	-0.0316098931338

Biplot	0	0

Site constraints	0	0
