Eigvals	3
114.487697601	82.8998249959	43.8236327779

Proportion explained	3
0.228753803957	0.181015885012	0.123412946211

Species	0	0

Site	16	3
MCT.f.0376	0.024441166322	0.0253019767412	0.0359271363173
MCT.f.0377	0.00925368167609	0.119147451767	0.0755674901665
MCT.f.0389	-0.0514117651147	-0.114547441788	0.103874886375
MCT.f.0388	-0.104995960368	-0.0752202199724	-0.00592026595772
MCT.f.0383	-0.0153840262138	-0.0630532174374	0.0604626474023
MCT.f.0382	0.157206921419	0.0601336919594	-0.0122648721852
MCT.f.0381	-0.0693921639957	0.0278247323013	-0.0622153760504
MCT.f.0380	-0.0188898600574	0.182168715483	-0.116931206346
MCT.f.0387	0.0385534539985	0.0184950769621	-0.132006851536
MCT.f.0386	0.0380842377188	-0.0803250157642	-0.0231648404799
MCT.f.0378	-0.0985791126714	-0.0262778551498	0.0334095360139
MCT.f.0379	-0.0828880077829	0.0673414041951	-0.0441369835543
MCT.f.0390	-0.0867121069087	-0.119939727636	-0.0344484238417
MCT.f.0385	0.139558030696	0.0356671076766	0.0595318043377
MCT.f.0384	0.0534100181105	0.000907677808878	0.0959721045136
MCT.f.0391	0.0677454931725	-0.057624357147	-0.0336567851746

Biplot	0	0

Site constraints	0	0
