Eigvals	3
114.487697601	82.8998249959	43.8236327779

Proportion explained	3
0.228753803957	0.181015885012	0.123412946211

Species	0	0

Site	16	3
MCT.f.0376	-0.127807580035	0.0832604891013	0.0992040137363
MCT.f.0377	-0.145469311557	0.217898686002	0.164960267427
MCT.f.0389	-0.110776972163	-0.195820402006	0.0071113298018
MCT.f.0388	-0.0959055481144	-0.204312641888	-0.155418442085
MCT.f.0383	0.364161367033	0.024179029657	-0.0122710463737
MCT.f.0382	0.277057776046	0.212941414997	-0.0868500997741
MCT.f.0381	0.071934380944	-0.00463445877212	-0.113785318904
MCT.f.0380	-0.00312072884715	-0.0222159487604	-0.0706959314212
MCT.f.0387	-0.0772675874379	-0.00854979769183	-0.273008212165
MCT.f.0386	-0.0338983705	-0.0770482819435	-0.15137899732
MCT.f.0378	-0.114575610339	0.27287097695	0.023801074533
MCT.f.0379	-0.142957906838	0.151258785282	-0.0540830708623
MCT.f.0390	-0.0901439889343	-0.113342937604	0.140473126653
MCT.f.0385	0.0843413060375	-0.115662751545	0.17654220737
MCT.f.0384	0.212724219184	-0.115343992989	0.165302169205
MCT.f.0391	-0.0682954444781	-0.105478168788	0.140096930179

Biplot	0	0

Site constraints	0	0
