Eigvals	3
223.400831843	162.700294692	132.817149562

Proportion explained	3
0.199804636707	0.158252065728	0.129940025524

Species	0	0

Site	16	3
sample11	3.78015230162e-05	-0.0183866657521	0.0323277145829
sample13	0.0476512117604	0.0368068728903	0.0194246101866
sample12	-0.073189394242	-0.0157019393045	0.0502531006832
sample15	-0.0249744494461	-0.0912290663642	0.0981688820183
sample14	-0.04081451103	-0.0213192466405	0.0486320189912
sample17	0.00470964136457	0.0346637511864	-0.110454368328
sample16	-0.00909827919473	-0.0403643153112	-0.0632825159381
sample5	-0.0562556027585	-0.00685876130302	-0.0610622898108
sample4	-0.0585179662	0.0471310385362	0.0113720345421
sample7	0.118577564919	-0.0452093331219	-0.0408926168499
sample6	0.0866700197828	-0.117438818017	0.0104050053893
sample1	-0.0322229311463	0.113383797904	0.167602959126
sample3	-0.0754606974418	0.00764403855394	-0.0322620385771
sample2	-0.0363976462836	0.0271080487527	-0.0696394261948
sample9	-0.00903374866483	0.0109477933825	-0.0446952916298
sample8	0.158318987058	0.0788228046085	-0.0158977781917

Biplot	0	0

Site constraints	0	0
