Eigvals	3
121.731617689	66.548282375	56.8500012769

Proportion explained	3
0.218602258694	0.143033257935	0.119438233723

Species	0	0

Site	15	3
MCT.f.0418	-0.157596022779	0.0765501078428	-0.153744545315
MCT.f.0086	0.0426151220555	-0.203167116354	-0.00449803488899
MCT.f.0412	-0.159143116462	0.216852404327	0.0882797357476
MCT.f.0411	-0.278113217521	-0.061299899778	0.00278624828898
MCT.f.0410	-0.260805498212	0.106801373956	-0.0080702548409
MCT.f.0416	0.0768095239631	0.255996423646	0.178546730802
MCT.f.0415	0.217839602885	0.0215915680238	-0.125457671197
MCT.f.0414	0.0505706668826	-0.0602722970153	-0.0420791157214
MCT.f.0422	0.209767075321	0.163840802987	0.133295528285
MCT.f.0423	0.213985537977	-0.0652034037001	-0.161674424497
MCT.f.0419	-0.0747131051732	-0.211683710906	-0.0334370603346
MCT.f.0421	0.0257118212681	-0.161409400512	0.0981747909979
MCT.f.0420	-0.0646980966996	0.0846071532044	-0.250421908265
MCT.f.0424	-0.044843800266	-0.206824331858	0.268942138913
MCT.f.0425	0.20261350676	0.0436203261365	0.00935784202562

Biplot	0	0

Site constraints	0	0
