Eigvals	3
121.731617689	66.548282375	56.8500012769

Proportion explained	3
0.218602258694	0.143033257935	0.119438233723

Species	0	0

Site	15	3
MCT.f.0418	-0.129810601813	0.0725492042421	0.0194585318518
MCT.f.0086	0.0342354414814	-0.041944457361	-0.0857794509002
MCT.f.0412	-0.135653904925	-0.0161919541184	0.130094008906
MCT.f.0411	-0.0806130975409	-0.0417625573546	-0.0576250158815
MCT.f.0410	-0.0665560663886	0.0440501743538	-0.064757773434
MCT.f.0416	0.0947403097351	-0.00245177505816	-0.0701493539309
MCT.f.0415	0.135092802935	-0.0856213890209	-0.0196865356891
MCT.f.0414	0.0554001282892	-0.0775979751752	-0.0210043645766
MCT.f.0422	0.00835117161689	0.0948388745848	0.0893192165264
MCT.f.0423	0.118880301131	-0.126098590153	0.02669781618
MCT.f.0419	-0.0956811025054	0.0372217045246	0.081302248597
MCT.f.0421	-0.0022959407529	0.000804456155755	-0.0675449866669
MCT.f.0420	-0.110030709465	0.0427798694236	-0.0862208391982
MCT.f.0424	-0.0184079174204	-0.0737065471369	0.110841384465
MCT.f.0425	0.192349185624	0.173130962093	0.0150551137513

Biplot	0	0

Site constraints	0	0
