Eigvals	3
174.476681708	66.7821575246	58.831971981

Proportion explained	3
0.317760779609	0.16632328411	0.143209243042

Species	0	0

Site	13	3
sample11	0.130179212555	0.242220505778	0.0528478621353
sample10	-0.00326510978087	-0.0469454223349	0.106165048619
sample13	0.334014468393	-0.138517171175	-0.247540775429
sample12	0.164310611924	-0.283552699143	-0.0765481602216
sample5	-0.143841615613	-0.123375320894	-0.0555640492541
sample4	-0.142537776995	-0.0212451733822	0.0830332267105
sample7	-0.280580390765	0.228258096235	-0.354913288131
sample6	-0.0348476551736	-0.0480956726521	0.0465982503752
sample1	-0.0405987955575	0.0381568886602	0.0767996200989
sample3	-0.106959937123	-0.0336286868696	0.0935803236719
sample2	-0.10500595121	-0.0393160618683	0.125275173848
sample9	-0.113048931234	-0.0422704804578	0.0670532495707
sample8	0.342181870579	0.268311198104	0.0832135180069

Biplot	0	0

Site constraints	0	0
