Eigvals	3
174.476681708	66.7821575246	58.831971981

Proportion explained	3
0.317760779609	0.16632328411	0.143209243042

Species	0	0

Site	13	3
sample11	0.00388836534356	0.0999043261585	0.0127922638811
sample10	-0.084506096523	-0.0160798421329	-0.0182433954287
sample13	0.0189394908324	-0.00742686816886	0.0643322739675
sample12	0.0382648426971	-0.0640965091787	-0.0484353395373
sample5	0.0403024166809	-0.042628955808	-0.0110762912565
sample4	0.00100887989536	0.0453440827036	0.0113158386206
sample7	-0.118078275194	0.0800110565041	-0.0702897219753
sample6	0.0452529056259	-0.196522193755	0.0235051338168
sample1	0.0637381218347	0.0648594149264	-0.109903878925
sample3	-0.0484887435346	-0.0556633846867	0.0501120055942
sample2	0.029602220697	0.0649335289239	0.0486947647519
sample9	-0.0219724841284	0.0444599130955	0.029741701393
sample8	0.0320483557727	-0.0170945685813	0.0174546450974

Biplot	0	0

Site constraints	0	0
