Eigvals	3
211.447017012	183.049878014	118.75811013

Proportion explained	3
0.195951736156	0.159280187352	0.116972319356

Species	0	0

Site	17	3
sample11	-0.031353609371	0.00789247470895	0.0152212806017
sample10	-0.0293946674231	0.0579119233679	-0.0271108782066
sample13	0.0132911755465	0.00788772707078	-0.0778818561807
sample12	-0.00746242100716	-0.020005950227	0.00809543334045
sample15	0.0839641575337	-0.0194019528995	-0.0590632543705
sample14	0.0805717047307	-0.18262139814	0.0186234841701
sample17	0.060060977507	-0.0403220950397	-0.0620523617563
sample16	0.0156776470735	-0.0814166951787	-0.0898382145052
sample5	-0.0707300916611	0.043546966106	0.0434626774973
sample4	-0.0968075718024	-0.0148086487306	0.0568927404047
sample7	0.159071992028	0.0869601273879	0.172797438991
sample6	-0.0649217527065	0.0250981281646	0.0168756127114
sample1	-0.0452577956695	-0.0724963107275	0.0606645831567
sample3	-0.0274872270622	0.0167857425142	-0.0336272719932
sample2	-0.0628017030124	0.0601314517054	0.00430714451269
sample9	-0.00381999409729	0.0565741227507	-0.0316310135289
sample8	0.0273991793926	0.068284387167	-0.0157355448452

Biplot	0	0

Site constraints	0	0
