Eigvals	3
211.447017012	183.049878014	118.75811013

Proportion explained	3
0.195951736156	0.159280187352	0.116972319356

Species	0	0

Site	17	3
sample11	0.114050318839	-0.0400636697988	-0.140816645512
sample10	0.134535277459	0.10860099395	0.0439127223292
sample13	-0.0671531722909	0.0874432379855	-0.0110263590524
sample12	0.216102693223	-0.0787549470963	-0.0863933273815
sample15	0.220070543285	-0.139638259138	-0.137887056366
sample14	0.202699092766	-0.193333809169	-0.0306014038653
sample17	-0.270351847019	-0.140631721052	-0.103800889667
sample16	-0.0858919781464	-0.099458373242	0.0814123170726
sample5	-0.171609176098	0.095596287747	0.0145215777868
sample4	-0.21317367468	-0.129402064539	0.0495598698375
sample7	0.14119604932	0.113339043813	0.185338350619
sample6	-0.121204909945	-0.162386132879	0.250887610552
sample1	-0.140007423557	0.138011976259	-0.0705690400158
sample3	0.0610586444753	-0.0494966195376	0.17742455841
sample2	-0.150644915238	0.0654006511684	-0.263307563879
sample9	0.107499425016	0.139862299704	-0.00551614021356
sample8	0.022825052591	0.284911105823	0.0468614193454

Biplot	0	0

Site constraints	0	0
