Eigvals	3
137.651280013	78.2017531252	58.6746239466

Proportion explained	3
0.272365954224	0.195281558694	0.147144206361

Species	0	0

Site	13	3
MCT.f.0167	0.00462027574649	-0.187287773303	0.129529575335
MCT.f.0166	-0.0575477492282	-0.0494649856141	0.129187380443
MCT.f.0163	-0.0431736466694	0.129871798762	0.105720657143
MCT.f.0158	-0.0248216209632	0.141021931012	-0.0106142021036
MCT.f.0161	0.242019715254	0.0620163736408	-0.0930817066428
MCT.f.0160	0.156130869018	0.0709149725968	-0.116812898735
MCT.f.0157	-0.168489464925	-0.033060610977	-0.0885394794185
MCT.f.0155	-0.0499402170827	0.01305291845	0.114207212122
MCT.f.0169	-0.0444336303475	-0.0149799519869	0.153933830347
MCT.f.0168	-0.057405046105	-0.123589944846	-0.0687952194163
MCT.f.0170	-0.0525631414431	0.0966811805724	-0.269159255134
MCT.f.0159	0.0145119481193	-0.108252436704	-0.0814068690003
MCT.f.0162	0.0810917086258	0.00307652839674	0.0958309750589

Biplot	0	0

Site constraints	0	0
