Eigvals	3
137.651280013	78.2017531252	58.6746239466

Proportion explained	3
0.272365954224	0.195281558694	0.147144206361

Species	0	0

Site	13	3
MCT.f.0167	0.0655532780444	-0.275392528156	0.076532624054
MCT.f.0166	-0.102778448872	-0.176133828914	0.155133810807
MCT.f.0163	0.06751016656	0.185065045002	0.154612797646
MCT.f.0158	-0.130948046694	0.0994586152145	-0.203541303508
MCT.f.0161	0.314581123171	0.112191102522	0.03757055026
MCT.f.0160	0.235143341894	-0.156903758159	-0.172699827123
MCT.f.0157	-0.187441111613	0.096614180668	-0.13581509702
MCT.f.0155	-0.0919328003013	0.00545610012395	0.0420149030649
MCT.f.0169	-0.2357178605	0.0461296940574	0.0638693012138
MCT.f.0168	-0.0505432456609	-0.238334396056	0.149267528639
MCT.f.0170	-0.192450098356	0.148126377762	-0.00438898316708
MCT.f.0159	0.0836172264872	-0.0943448221003	-0.278073294668
MCT.f.0162	0.225406475842	0.248068218036	0.115516989801

Biplot	0	0

Site constraints	0	0
