Eigvals	3
106.572051676	61.8180708748	58.9278207541

Proportion explained	3
0.223536910877	0.146968980092	0.129116993342

Species	0	0

Site	14	3
sample11	0.120910319744	0.00113794215888	-0.113618484887
sample10	-0.0165966742864	-0.0516191701103	-0.0982976079764
sample13	0.0951334012753	0.0716440150228	0.0624429531307
sample12	0.136664518359	0.08433126398	0.00375949632546
sample14	0.0332648942589	0.0546516384495	0.0821340065095
sample16	0.0285587303528	0.0392123104989	-0.0668816287291
sample5	-0.0363757178237	-0.130663891807	0.0405517508496
sample4	-0.0888112069138	-0.0385926159242	-0.0129884519081
sample7	-0.0809654040483	0.0822043556824	0.00893725577837
sample6	-0.0748004689192	0.0381504756188	-0.00856402111838
sample1	-0.0645996418313	-0.0121010671595	0.0605172750864
sample3	0.0506357285903	-0.107400434708	0.0824680710818
sample2	-0.0521156394804	-0.0687937890571	-0.00496697175177
sample8	-0.0509028392778	0.0378389673552	-0.035493642391

Biplot	0	0

Site constraints	0	0
