Eigvals	3
106.572051676	61.8180708748	58.9278207541

Proportion explained	3
0.223536910877	0.146968980092	0.129116993342

Species	0	0

Site	14	3
sample11	0.107979802319	-0.0556405753981	-0.158552622104
sample10	-0.295789675992	0.162910567886	-0.119094715134
sample13	0.279679196609	0.155402158629	-0.0268581462178
sample12	0.250213960138	0.0405927690131	0.128640005077
sample14	0.1949166667	0.147635754682	-0.0996249949272
sample16	0.0931459712368	0.158494862897	0.162075134533
sample5	-0.0323682937549	-0.204923299056	-0.150597604388
sample4	0.0331348047522	-0.269224797158	-0.0625460895066
sample7	-0.213962008122	0.162744458843	-0.14560484159
sample6	-0.0847557108838	-0.209549101613	0.0804391506446
sample1	-0.175200450269	0.108313695366	-0.0103274727806
sample3	-0.150231002059	0.0227740023938	0.259211964294
sample2	0.105852554977	-0.118737681886	-0.0566692470845
sample8	-0.112615815651	-0.1007928146	0.199509479183

Biplot	0	0

Site constraints	0	0
