Eigvals	3
306.547064293	90.0171180073	72.9957651699

Proportion explained	3
0.318677130632	0.135440828412	0.105578518173

Species	0	0

Site	15	3
sample11	-0.227738185651	0.0492392006749	-0.0407065397342
sample10	-0.213402013974	-0.026212950453	-0.0096779449795
sample13	0.28377456231	0.166089066186	0.16525151149
sample12	-0.118525258642	0.0347641635425	-0.0774532875135
sample14	0.180282090499	-0.135059344481	0.115854634781
sample17	-0.154041342119	-0.233864641874	-0.0342407090598
sample16	-0.163291082747	-0.0983775066422	-0.0485953710795
sample5	0.159237691728	0.00352243430831	-0.282660581484
sample4	0.104228803534	-0.0449373680048	-0.0337283373071
sample7	-0.025290392475	0.0555632051555	-0.0832990736134
sample6	0.258256796693	-0.277555658131	0.0220120650534
sample3	-0.0614764196319	0.189473362819	0.15587519636
sample2	-0.156649254912	0.13916767876	0.112246232529
sample9	0.169168887806	0.253697821186	-0.158342648605
sample8	-0.034534882419	-0.0755094630465	0.197464853162

Biplot	0	0

Site constraints	0	0
