Eigvals	3
306.547064293	90.0171180073	72.9957651699

Proportion explained	3
0.318677130632	0.135440828412	0.105578518173

Species	0	0

Site	15	3
sample11	-0.0381985104916	-0.0171780283443	-0.069193497321
sample10	-0.0883493446443	-0.0430359604295	-0.0476298461611
sample13	0.0275501644751	-0.030254577515	-0.0301273973131
sample12	-0.0299461482475	-0.0443510190675	-0.0451306043477
sample14	0.0395474536064	-0.0602774005164	0.0202132246181
sample17	-0.0904687292366	-0.064593181011	0.0303963027811
sample16	0.0147603596138	-0.0224158679115	0.0685470021219
sample5	0.001470521026	0.0491362615556	-0.0423604798425
sample4	0.0422359472926	0.037768574543	-0.0166098804337
sample7	0.0649119446718	0.00243114431499	-0.0038507841172
sample6	0.0528071108657	-0.00819126524297	-0.00570945157782
sample3	-0.0250126596148	0.146180734898	0.273492854523
sample2	-0.0429145688123	0.0591263290031	-0.116003307193
sample9	0.0403627502755	-0.00704908434416	-0.00651576183993
sample8	0.0312437092202	0.00270334006706	-0.0095183738973

Biplot	0	0

Site constraints	0	0
