Eigvals	3
152.363370796	87.6171427917	62.2962007718

Proportion explained	3
0.448252581042	0.253556437708	0.122708964755

Species	0	0

Site	10	3
MCT.f.0219	0.322009184246	0.0132872021375	0.0312633906162
MCT.f.0218	0.227305533095	-0.0937693779355	0.112755019888
MCT.f.0209	-0.166336160055	0.332335741672	0.150133851263
MCT.f.0211	-0.203138028878	0.239488424088	-0.0428413386183
MCT.f.0215	-0.177694993047	-0.223094021373	-0.0142058687183
MCT.f.0213	-0.265515569519	0.0482945819101	-0.0956278824884
MCT.f.0220	0.318726126402	0.0457825894323	-0.0341982471479
MCT.f.0214	-0.225834388709	-0.166822525983	-0.106776552123
MCT.f.0216	-0.114666401566	-0.244177290331	0.15110299013
MCT.f.0221	0.285144698031	0.0486746763819	-0.151605362801

Biplot	0	0

Site constraints	0	0
