Eigvals	3
152.363370796	87.6171427917	62.2962007718

Proportion explained	3
0.448252581042	0.253556437708	0.122708964755

Species	0	0

Site	10	3
MCT.f.0219	0.263868924736	-0.0175519935498	-0.0116700471836
MCT.f.0218	0.201223718559	-0.0454372494125	0.0770082278831
MCT.f.0209	-0.157006294435	0.130125401559	0.128204916575
MCT.f.0211	-0.216640270725	0.316962646022	-0.137275998586
MCT.f.0215	-0.153257390082	-0.057606940716	0.0921514302648
MCT.f.0213	-0.0644308117157	-0.00227809945569	0.0924131953915
MCT.f.0220	0.113938642533	-0.0989214047677	0.0420918608814
MCT.f.0214	-0.166304002042	-0.191690904545	-0.30955810168
MCT.f.0216	0.0254664897204	-0.0871424567105	0.127151665434
MCT.f.0221	0.153140993451	0.053541001576	-0.100517148981

Biplot	0	0

Site constraints	0	0
