Eigvals	3
107.360230227	105.099255999	51.3521202725

Proportion explained	3
0.254612549493	0.231242570702	0.159593573401

Species	0	0

Site	13	3
MCT.f.0318	0.235059108329	-0.126783556892	0.106212318448
MCT.f.0319	0.283552638806	-0.0474045183454	0.14872593785
MCT.f.0314	-0.0826376920363	-0.199321619808	-0.137522600325
MCT.f.0315	-0.0411689943362	-0.207528057142	-0.189240414481
MCT.f.0316	0.0668628485982	-0.200569393401	-0.152972853019
MCT.f.0322	-0.00570685353597	0.258625995987	-0.167200294829
MCT.f.0310	-0.146208219829	0.044838382645	0.185769406773
MCT.f.0311	-0.226554551953	0.0360967872525	0.210701999496
MCT.f.0312	-0.215672402492	0.00887819155347	0.132927247857
MCT.f.0313	-0.204478551642	-0.0826470524259	-0.00307994962929
MCT.f.0321	0.0765983575903	0.201556573901	-0.0392380523876
MCT.f.0320	0.261481558345	0.0677010600409	0.109724712817
MCT.f.0323	-0.00112724584332	0.246557206633	-0.204807458569

Biplot	0	0

Site constraints	0	0
