Eigvals	3
107.360230227	105.099255999	51.3521202725

Proportion explained	3
0.254612549493	0.231242570702	0.159593573401

Species	0	0

Site	13	3
MCT.f.0318	0.0649338518947	0.0701496515383	-0.110600749846
MCT.f.0319	0.0549269813595	0.0476386796679	0.0485443932016
MCT.f.0314	0.0176556698489	-0.132418324235	-0.0696011974304
MCT.f.0315	-0.00450174855177	-0.0872590391565	-0.132710993304
MCT.f.0316	0.0119559146085	-0.0951020439631	-0.024593542596
MCT.f.0322	0.0437477410124	0.054225004781	-0.143358410043
MCT.f.0310	-0.0377554830528	-0.0239680433126	0.168326829126
MCT.f.0311	0.0227577500322	0.137900872069	0.105051990834
MCT.f.0312	-0.306684034284	-0.0172984965468	0.00652678769438
MCT.f.0313	0.0310732292598	-0.0357956775187	0.0477159446219
MCT.f.0321	0.0385285953138	-0.0248592314114	-0.0051993642082
MCT.f.0320	0.0156401320109	-0.0351430406011	0.0519288152376
MCT.f.0323	0.0477214005482	0.141929688688	0.0579694967118

Biplot	0	0

Site constraints	0	0
