Eigvals	3
106.628779063	53.9986325395	50.9637050926

Proportion explained	3
0.249458222417	0.14647301304	0.132928140507

Species	0	0

Site	11	3
sample10	-0.0582640893057	-0.0564324481162	0.0699904501417
sample13	0.0962112666478	-0.081295594321	-0.032044827896
sample15	-0.0588456824932	-0.0656567952225	0.0392983151906
sample14	0.0117036293729	0.0196201210581	0.0510747467328
sample4	-0.0672840132208	0.0734770976971	0.12110490637
sample7	0.0428948090166	-0.045913742564	-0.0708096512842
sample1	-0.214282712658	0.0578557379257	-0.0893725462559
sample3	0.0567073885417	0.0162524849275	-0.0662005079725
sample2	0.0763304972479	0.0628591186648	-0.0430511256168
sample9	0.0788452561433	0.0975010037627	0.0224418934611
sample8	0.0359836507073	-0.0782669838123	-0.0024316528708

Biplot	0	0

Site constraints	0	0
