Eigvals	3
106.628779063	53.9986325395	50.9637050926

Proportion explained	3
0.249458222417	0.14647301304	0.132928140507

Species	0	0

Site	11	3
sample10	-0.0563684950941	0.0802803637395	0.0750377047786
sample13	0.407168230741	-0.299291855462	-0.189291980926
sample15	-0.0671883220049	-0.258386936461	0.290031880879
sample14	0.406930557335	0.306044561348	0.138591935486
sample4	-0.150312440876	-0.0459703300911	0.0075253072773
sample7	-0.023209809429	-0.108296103364	-0.0276858542476
sample1	-0.0574857821172	0.144127895748	-0.207234907544
sample3	-0.140613777948	0.0945323348712	-0.182748315758
sample2	-0.154768059923	-0.00514146476149	-0.0169149857259
sample9	-0.0309640478748	0.0793693083009	0.192346553978
sample8	-0.133188052809	0.0127322261325	-0.0796573381969

Biplot	0	0

Site constraints	0	0
