Eigvals	3
161.570363577	117.804406751	74.6804212341

Proportion explained	3
0.274536589859	0.20475367122	0.158901159759

Species	0	0

Site	14	3
MCT.f.0233	0.0763095809586	-0.136936200135	0.150793163075
MCT.f.0232	0.173608405912	-0.18287934172	-0.141534248553
MCT.f.0231	0.0749777748181	-0.156559238862	0.0195817194561
MCT.f.0230	-0.0307244321135	-0.0746975984993	0.0996331758725
MCT.f.0228	-0.196526301439	-0.0638005652151	-0.0472554206986
MCT.f.0229	0.000686783503966	-0.042746419309	-0.107471980121
MCT.f.0235	0.0897332527832	0.00569073615971	-0.129364017198
MCT.f.0234	0.118416775411	0.0596475893256	0.146449088831
MCT.f.0224	-0.0984046569441	0.019753774687	0.0972750181277
MCT.f.0225	0.00670900859506	0.142329257754	0.082511439257
MCT.f.0226	-0.0494973748721	0.12624683015	0.0374027352707
MCT.f.0227	-0.128479624918	0.046190301325	0.0224940399275
MCT.f.0238	-0.0380962473012	0.184801089391	-0.075752275186
MCT.f.0236	0.00128705560566	0.0729597849484	-0.154762438061

Biplot	0	0

Site constraints	0	0
