Eigvals	3
161.570363577	117.804406751	74.6804212341

Proportion explained	3
0.274536589859	0.20475367122	0.158901159759

Species	0	0

Site	14	3
MCT.f.0233	0.265481286791	-0.0836408052014	0.00407887835163
MCT.f.0232	0.184789392135	-0.186365589498	0.14657253912
MCT.f.0231	0.0575343012715	-0.236319807559	0.135112135762
MCT.f.0230	-0.126371481938	-0.247976205071	-0.00232055702594
MCT.f.0228	-0.233336620395	-0.0312466308928	-0.164813846086
MCT.f.0229	-0.208941242103	-0.151123616423	-0.137570828194
MCT.f.0235	0.162205233562	0.13273489091	-0.222107442581
MCT.f.0234	0.237631015725	0.0390477743389	-0.128760862356
MCT.f.0224	-0.0011112503717	0.135154510064	0.20914721493
MCT.f.0225	-0.0640588594425	0.186230207118	0.234035693816
MCT.f.0226	-0.180151226228	0.140487193111	0.131220756078
MCT.f.0227	-0.234110903763	0.0483662154349	-0.054419352072
MCT.f.0238	0.0681599763654	0.113536966965	-0.0405387730609
MCT.f.0236	0.0722803783908	0.141114896702	-0.109635556682

Biplot	0	0

Site constraints	0	0
