Eigvals	3
115.631503215	105.1388243	58.7886051621

Proportion explained	3
0.194591973058	0.164609810882	0.109024624559

Species	0	0

Site	15	3
sample10	-0.263295732518	-0.0876118492596	-0.0530682041945
sample13	0.0297181731697	-0.0209229338784	-0.174009688825
sample12	-0.214431594408	-0.158215000329	-0.229309395898
sample15	0.210005215294	0.193499916784	-0.0658998103678
sample14	0.0639064321974	-0.287789689511	0.122544664687
sample17	-0.236854223825	0.121550912502	0.143783452503
sample16	-0.249356207997	0.179327662447	0.21154632757
sample5	0.167587026822	0.00509862027471	0.137468162833
sample4	-0.0674588988117	-0.148438059576	-0.0184004427267
sample7	0.193212816822	-0.12350918553	0.15909412855
sample6	0.182719771386	-0.000244076482112	-0.101827145311
sample1	-0.0451281665305	0.115480051704	-0.146330516499
sample2	0.125426730072	0.216328065026	-0.0981128236021
sample9	-0.0153274287306	0.0999145896783	0.0690148708421
sample8	0.119276087059	-0.104469023849	0.0435064204375

Biplot	0	0

Site constraints	0	0
