Eigvals	3
99.8873856344	48.1789472855	39.4168632572

Proportion explained	3
0.382633814121	0.210680406903	0.163445762582

Species	0	0

Site	10	3
MCT.f.0568	-0.164497476543	0.0095538594591	-0.236242802668
MCT.f.0567	-0.276547141737	0.0185524148329	-0.00271355380479
MCT.f.0566	-0.297975292629	0.0402270303441	0.13187473544
MCT.f.0565	-0.262250030496	0.0172987382519	0.202755212003
MCT.f.0575	0.275468310766	-0.0917031087433	0.0926820267383
MCT.f.0574	0.188900050361	-0.205130876824	0.091375362326
MCT.f.0578	0.180018421368	0.322611377916	-0.0264219577602
MCT.f.0577	0.247090322107	0.247638336814	0.021006795345
MCT.f.0570	-0.0228067745724	-0.100256883439	-0.296026864746
MCT.f.0573	0.132599611376	-0.258790888613	0.0217110471271

Biplot	0	0

Site constraints	0	0
