Eigvals	3
99.8873856344	48.1789472855	39.4168632572

Proportion explained	3
0.382633814121	0.210680406903	0.163445762582

Species	0	0

Site	10	3
MCT.f.0568	-0.0864240842356	-0.225089765001	-0.206727775215
MCT.f.0567	-0.0887931928924	0.0942720230214	0.113388909825
MCT.f.0566	-0.126057581264	0.000983047017023	0.00338539123887
MCT.f.0565	-0.173215238728	-0.0396977231746	0.112576929214
MCT.f.0575	0.0283693387177	-0.0833688768464	-0.0151892531116
MCT.f.0574	0.128487874143	0.021604941934	0.142042959218
MCT.f.0578	-0.0144471400011	0.0573630929981	-0.0162943933186
MCT.f.0577	0.337903837087	0.149450416036	0.0492193617386
MCT.f.0570	-0.0673416425415	0.143755357336	-0.207378945161
MCT.f.0573	0.0615178297159	-0.119272513321	0.0249768155722

Biplot	0	0

Site constraints	0	0
