Eigvals	3
114.113765966	82.2065770374	43.6341079813

Proportion explained	3
0.223637831745	0.173129410243	0.11390091455

Species	0	0

Site	15	3
sample11	-0.105368417149	-0.110689223482	0.137972830593
sample10	-0.106497696843	0.108127327769	-0.142669841981
sample13	0.292929588629	0.0318144467886	0.186955126863
sample12	-0.0258345878802	-0.041910575407	-0.117206501044
sample15	-0.201310250339	0.0818459307109	-0.0272948158664
sample14	-0.175167667768	-0.140365374685	0.0275839945224
sample5	-0.126599582646	0.0703654716653	0.0325330346828
sample4	0.190343542622	0.202326433162	-0.116653044994
sample7	0.275309626203	-0.00655566274182	0.170589742133
sample6	-0.168424523731	-0.137527931228	0.051405759034
sample1	-0.0293433973741	0.120819452652	0.140694765688
sample3	0.0253121127014	0.236352212018	-0.209447194976
sample2	-0.10292965193	0.0996639731691	0.164116160859
sample9	0.0768096644984	-0.299755887957	-0.0885069724097
sample8	0.180771241008	-0.214510592434	-0.210073043105

Biplot	0	0

Site constraints	0	0
