Eigvals	3
114.113765966	82.2065770374	43.6341079813

Proportion explained	3
0.223637831745	0.173129410243	0.11390091455

Species	0	0

Site	15	3
sample11	-0.109257815575	0.0161784454404	-0.0548431575225
sample10	-0.045958192191	-0.0495814878126	0.0381741779316
sample13	0.0661582065054	-0.0328619932182	0.123490500182
sample12	-0.00689889366138	0.0532895375113	0.0973406424281
sample15	-0.0581404893391	-0.0611087708845	0.00806522522209
sample14	-0.0391765220944	0.0332554724178	0.116158497271
sample5	-0.0331946780043	0.0787614358114	-0.00345707320267
sample4	-0.0217165818612	0.110302378542	-0.153927212567
sample7	0.0267070681514	-0.0297609063193	0.0649431208669
sample6	-0.0213904216389	-0.0952423928463	-0.113487515228
sample1	0.0906628823055	0.00919367925578	-0.0787923802864
sample3	0.00167870844829	0.0964247562585	-0.0255682196238
sample2	0.0360441970405	0.0530879608348	0.065912850282
sample9	0.0393357787766	-0.111476985457	-0.0759844675188
sample8	0.0751467531375	-0.0704611295336	-0.00802498823513

Biplot	0	0

Site constraints	0	0
