Eigvals	3
98.483093218	62.9460324061	46.0206793833

Proportion explained	3
0.426710947368	0.218323230665	0.115988157994

Species	0	0

Site	12	3
MCT.f.0418	-0.172265077224	-0.167453021317	-0.0437502770991
MCT.f.0086	-0.255956215138	-0.0378454055976	-0.156229282353
MCT.f.0416	-0.307710317382	0.0725898066313	-0.0710688041607
MCT.f.0415	-0.235522898814	0.175336320278	0.100475812987
MCT.f.0414	-0.231156943069	0.206155958289	0.148841566844
MCT.f.0422	0.233570309083	-0.0368842008047	0.0837868445981
MCT.f.0423	0.283937034102	0.0614790983204	-0.00694732165552
MCT.f.0419	-0.0467600649286	-0.208800896855	-0.0207349087633
MCT.f.0421	0.169972380524	-0.135749650272	0.109247206014
MCT.f.0420	0.0178203329247	-0.231075426069	0.0429198391605
MCT.f.0424	0.284592106137	0.116018469056	-0.0326714936789
MCT.f.0425	0.259479353786	0.186228948341	-0.153869181894

Biplot	0	0

Site constraints	0	0
