Eigvals	3
98.483093218	62.9460324061	46.0206793833

Proportion explained	3
0.426710947368	0.218323230665	0.115988157994

Species	0	0

Site	12	3
MCT.f.0418	0.0350337326331	-0.212838357354	-0.00237725220355
MCT.f.0086	-0.133624429749	0.0289242278677	0.00304500991884
MCT.f.0416	-0.0207706951924	0.0989782478919	-0.0395680838636
MCT.f.0415	-0.141007258791	0.14830483321	0.0143867539981
MCT.f.0414	-0.0422875522429	0.076427252173	0.0677985247374
MCT.f.0422	0.13498504841	-0.0595812995592	-0.0612102204786
MCT.f.0423	-0.0314304802048	0.167042385876	0.102754012861
MCT.f.0419	-0.0509066543264	-0.195786052718	0.000806607193091
MCT.f.0421	0.0373013685277	-0.00375933522432	0.0199736966493
MCT.f.0420	-0.066444911314	-0.176767215224	-0.0145049254652
MCT.f.0424	0.166594735722	-0.00142882969261	0.172009233289
MCT.f.0425	0.112557096528	0.130484142754	-0.263113356636

Biplot	0	0

Site constraints	0	0
