Eigvals	3
237.56015009	88.6358111859	60.808705128

Proportion explained	3
0.339149840316	0.188308643873	0.130883336021

Species	0	0

Site	11	3
MCT.f.0586	-0.409727676033	-0.164851534237	0.0377247750305
MCT.f.0581	0.0426886215588	0.381267883256	-0.0126972032951
MCT.f.0580	-0.0530981080289	0.266133584313	0.121063609926
MCT.f.0583	-0.00623273209951	-0.11493930132	-0.280527193072
MCT.f.0585	-0.292959290358	0.0402364340343	-0.0184093836344
MCT.f.0587	-0.0722493451116	-0.106517350369	0.191629448157
MCT.f.0595	0.243629738422	-0.0595353373965	0.207754482623
MCT.f.0592	0.16866008247	-0.221188663419	-0.0417484674061
MCT.f.0593	0.172724073774	-0.0990334475907	-0.0540256361118
MCT.f.0590	0.135014943355	-0.0474140851464	0.0894255787174
MCT.f.0582	0.0715496920497	0.125841817874	-0.240190010935

Biplot	0	0

Site constraints	0	0
