Eigvals	3
237.56015009	88.6358111859	60.808705128

Proportion explained	3
0.339149840316	0.188308643873	0.130883336021

Species	0	0

Site	11	3
MCT.f.0586	-0.0566916409707	-0.0878249243911	-0.0522298949591
MCT.f.0581	0.0543990954506	0.222761363672	-0.219790853032
MCT.f.0580	-0.094693539654	0.224453553911	0.127865527129
MCT.f.0583	-0.0854334240958	-0.01463467614	-0.0359169786124
MCT.f.0585	-0.10004583042	0.0698030534795	0.00281785945072
MCT.f.0587	0.00481452838057	-0.098911508498	-0.0257285440877
MCT.f.0595	0.132159022302	-0.0986159987467	0.115853305167
MCT.f.0592	0.15592278179	-0.102942082052	0.0938607098318
MCT.f.0593	0.0943803324921	-0.134912466776	0.0236133473594
MCT.f.0590	-0.0140609289465	-0.14895112026	-0.0570874027795
MCT.f.0582	-0.0907503963272	0.169774805802	0.0267429245323

Biplot	0	0

Site constraints	0	0
