Eigvals	3
72.5356824633	58.3036712304	37.408687289

Proportion explained	3
0.211846082939	0.180871891767	0.131552128484

Species	0	0

Site	11	3
sample11	0.0709874302346	-0.154617642788	0.0728150939615
sample10	-0.00151566487673	0.0822060578181	-0.0171323905596
sample13	-0.0738208035385	0.073623486477	0.10440656061
sample12	0.0273196258033	-0.149885104839	0.0851624393268
sample15	-0.157586153129	0.0273128692696	0.0906597222693
sample5	0.117942452032	0.0849771820173	0.048362059391
sample4	0.0355950204001	-0.058217619532	-0.0665591588676
sample6	0.107852634631	0.117830518724	0.0505953570768
sample1	-0.0750803678252	0.0550223479459	-0.17620146015
sample2	-0.0696843341236	-0.153334070756	-0.160797218826
sample9	0.0179901603927	0.0750819756633	-0.0313110042329

Biplot	0	0

Site constraints	0	0
