Eigvals	3
72.5356824633	58.3036712304	37.408687289

Proportion explained	3
0.211846082939	0.180871891767	0.131552128484

Species	0	0

Site	11	3
sample11	0.123079711355	-0.243729542239	0.103844434363
sample10	0.17486832072	-0.176779631299	-0.153933394563
sample13	-0.180318527628	-0.0633204205782	0.203728021103
sample12	-0.285133362482	-0.173102436147	-0.0348198273682
sample15	-0.183343516898	0.0604078026836	0.255067589723
sample5	0.154555243492	0.312094864283	0.0356789877024
sample4	0.204194375814	-0.212374555991	-0.0991409999672
sample6	0.194129733523	0.170876924625	0.0320642853139
sample1	-0.159829499648	0.177251949828	-0.271577490698
sample2	0.128681713177	0.0898145565235	0.135832629272
sample9	-0.170884191424	0.0588604883106	-0.20674423488

Biplot	0	0

Site constraints	0	0
