Eigvals	3
107.833602491	89.5860291054	59.7606820077

Proportion explained	3
0.227001522472	0.19126766262	0.131523794207

Species	0	0

Site	12	3
sample11	-0.200495508963	-0.0161164031545	-0.123102747683
sample10	-0.15028042995	0.0176342791855	-0.0817770070514
sample13	0.204531193021	0.00171651016616	-0.120724019554
sample12	0.102406131294	-0.106995957459	-0.185392749357
sample15	-0.00465602685193	-0.18925922961	0.209391840863
sample14	0.0554179878595	-0.157483537119	0.116588874511
sample7	0.000777800669709	0.144334020488	-0.0584545975058
sample6	0.0510133774245	-0.0128683366915	-0.0454972598607
sample1	0.0321026215952	0.133198650817	-0.0660404763486
sample3	-0.0109875075113	0.214489341896	0.231233061383
sample2	0.0236938427671	0.171040914703	0.129661163886
sample9	-0.103523481355	-0.199690253221	-0.00588608328197

Biplot	0	0

Site constraints	0	0
