Eigvals	3
107.833602491	89.5860291054	59.7606820077

Proportion explained	3
0.227001522472	0.19126766262	0.131523794207

Species	0	0

Site	12	3
sample11	-0.192184516384	-0.0540735060954	-0.0917517585833
sample10	-0.245727579829	-0.108846704603	-0.0557452447206
sample13	0.304303576839	-0.193252747789	-0.111235172663
sample12	-0.0603907453374	-0.0956813822338	-0.19176152232
sample15	0.0917103326952	-0.216802333018	0.140503865241
sample14	0.183862082162	-0.13483069611	0.284890643415
sample7	0.271833334274	0.157347172052	-0.172492671569
sample6	0.109111638474	0.165498514646	-0.0931959710801
sample1	-0.0158087163106	0.318602735451	0.0436292425592
sample3	-0.118144938217	0.0405408189095	0.141240217915
sample2	-0.0777451860935	0.231312586556	0.154106928725
sample9	-0.250819282272	-0.109814457765	-0.0481885569179

Biplot	0	0

Site constraints	0	0
