Eigvals	3
176.884151557	140.450579797	88.3569342573

Proportion explained	3
0.391417111486	0.252198374797	0.132534986649

Species	0	0

Site	11	3
MCT.f.0068	0.190548677892	0.189165057511	-0.103946095008
MCT.f.0058	-0.235137349384	0.0598976611881	-0.0480306106381
MCT.f.0057	-0.256270137332	0.121200830985	0.0969692341804
MCT.f.0056	-0.253789825252	0.158599221409	0.189437893727
MCT.f.0063	0.107100305163	-0.33098980983	0.153793598933
MCT.f.0060	-0.148209454589	-0.141150232586	-0.143580970518
MCT.f.0061	-0.0551083143802	-0.259202152089	-0.101403033242
MCT.f.0066	0.290581568976	0.106789919083	-0.0229939454986
MCT.f.0067	0.241851198358	0.141870733121	-0.0485261973869
MCT.f.0065	0.328779399671	-0.0472277151513	0.115868258971
MCT.f.0059	-0.210346069123	0.0010464863578	-0.0875881335204

Biplot	0	0

Site constraints	0	0
