Eigvals	3
176.884151557	140.450579797	88.3569342573

Proportion explained	3
0.391417111486	0.252198374797	0.132534986649

Species	0	0

Site	11	3
MCT.f.0068	0.174301360941	0.209527787521	-0.310736651151
MCT.f.0058	-0.183313438021	0.0432519497657	0.135790679635
MCT.f.0057	-0.0823247599099	-0.000484068663424	0.0769594197097
MCT.f.0056	-0.143144924125	0.142460025998	0.0542050446627
MCT.f.0063	0.110272601288	-0.184322868813	-0.0357717481342
MCT.f.0060	-0.0811973311112	-0.12887407003	-0.0368210549855
MCT.f.0061	0.0382328101596	-0.115877615261	-0.0849999264037
MCT.f.0066	0.154242965772	-0.0968613960601	0.0050241867427
MCT.f.0067	0.12906612102	0.0432883713952	0.0687591827451
MCT.f.0065	0.108750404823	0.0379672563242	0.240896088481
MCT.f.0059	-0.224885810837	0.0499246278232	-0.113305221302

Biplot	0	0

Site constraints	0	0
