Eigvals	3
99.8723328537	52.9449731607	46.45453503

Proportion explained	3
0.285048793648	0.183128121006	0.165176474052

Species	0	0

Site	11	3
MCT.f.0568	0.0411354698224	-0.166703667399	0.127756910104
MCT.f.0575	0.0601421168164	-0.0375866887678	0.0103496839799
MCT.f.0567	-0.0327292488055	0.103108011274	0.020156095805
MCT.f.0566	-0.00634080606795	0.0172865581867	0.076327580134
MCT.f.0565	0.0242600523346	0.0820954104204	0.111887488739
MCT.f.0564	-0.133898380607	0.0342846621985	-0.0108275017725
MCT.f.0574	0.0753972185837	0.0661560269623	-0.086681700373
MCT.f.0578	-0.0157264653682	0.00161328628838	-0.00651195185253
MCT.f.0577	0.0369030900286	0.0073339355213	-0.2463134087
MCT.f.0570	-0.132478422799	-0.0826867143894	0.0049210973961
MCT.f.0573	0.0833353760618	-0.0249008202953	-0.00106429346027

Biplot	0	0

Site constraints	0	0
