Eigvals	3
99.8723328537	52.9449731607	46.45453503

Proportion explained	3
0.285048793648	0.183128121006	0.165176474052

Species	0	0

Site	11	3
MCT.f.0568	0.0754665100393	-0.136119477265	0.0632945645765
MCT.f.0575	0.307826925261	-0.0484583404734	-0.00262128277979
MCT.f.0567	-0.0307302235465	-0.218050409948	0.261435038639
MCT.f.0566	-0.167813551676	-0.123617788373	0.24095605713
MCT.f.0565	-0.170330878227	0.27681581381	0.0749034789312
MCT.f.0564	-0.163938293974	0.259321086267	0.037501313911
MCT.f.0574	0.344427020125	0.0410121892974	-0.0220628261973
MCT.f.0578	-0.196539398106	-0.165308030834	-0.278107253839
MCT.f.0577	-0.112803071939	-0.143124162626	-0.256168109374
MCT.f.0570	-0.0772823284547	0.0919189939434	-0.0382495993456
MCT.f.0573	0.191717290499	0.165610126201	-0.0808813816524

Biplot	0	0

Site constraints	0	0
