Eigvals	3
169.395683378	132.466072877	75.4462168651

Proportion explained	3
0.224051089777	0.159222422173	0.104924911841

Species	0	0

Site	16	3
sample11	-0.0971431238291	0.0664690675964	-0.0563307594158
sample10	-0.141514000716	0.0485677712214	-0.234870333804
sample13	0.200844448744	0.0495883470003	-0.165168315396
sample12	-0.017137950154	0.0746791402138	0.191870329762
sample15	-0.125427014725	0.105973129134	0.198829705889
sample14	0.373615487514	-0.0293395561372	-0.0732798203374
sample17	-0.0705490196301	-0.282135055005	0.0237263614081
sample5	-0.0820933048179	-0.116710214239	-0.111392844216
sample4	-0.120742121426	0.0143008622511	0.0392021254346
sample7	0.262064075802	-0.0267366639194	0.197844491288
sample6	0.313166845146	0.11706222557	-0.016248503844
sample1	-0.12790478046	0.144418839712	0.0110788400572
sample3	-0.122373928189	0.0372672063954	0.0810271215919
sample2	-0.0399217301819	-0.269974375255	0.0383071355821
sample9	-0.13050739933	0.201357319316	-0.0742377673196
sample8	-0.0743764837467	-0.134788043855	-0.0503577666805

Biplot	0	0

Site constraints	0	0
