Eigvals	3
102.384018035	61.7752570449	56.0840050208

Proportion explained	3
0.230504791452	0.152924382601	0.132818366631

Species	0	0

Site	13	3
sample11	0.0987958592852	0.114252614972	-0.089463963792
sample10	0.0295023046774	0.159901387936	0.0397517673038
sample13	0.0696429694957	-0.042115634706	-0.0973042541139
sample12	0.102471585338	0.0524324849737	-0.0892767378076
sample15	-0.0312479897107	0.0830161152342	-0.0115333777348
sample5	-0.0811784209296	-0.0410145232589	-0.0381747247585
sample4	0.0277312576998	-0.112259280553	0.11697227967
sample7	-0.077460338621	-0.0135349153331	-0.0319529312202
sample6	-0.0859838593238	-0.0480816641857	-0.092798929733
sample1	-0.031264509278	-0.0702226870404	0.0684264252795
sample3	-0.0769545105635	-0.0688955924003	0.0453658329233
sample2	0.125677937912	-0.0743425077577	0.076064183902
sample9	-0.0697322859821	0.0608642021191	0.103924430082

Biplot	0	0

Site constraints	0	0
