Eigvals	3
102.384018035	61.7752570449	56.0840050208

Proportion explained	3
0.230504791452	0.152924382601	0.132818366631

Species	0	0

Site	13	3
sample11	0.110332243614	-0.0349329138721	0.0109612700808
sample10	-0.312843574961	0.117201107867	-0.139081472425
sample13	0.247705845659	0.13322260307	-0.159123525974
sample12	0.238106724124	0.031877096551	-0.0126445531537
sample15	0.232853162253	0.23876277124	0.0547033551396
sample5	-0.0347823224226	-0.24218214108	0.0197859789429
sample4	0.0623041529807	-0.215528401075	0.197264260724
sample7	-0.238074628079	0.118332604417	-0.0915893290994
sample6	-0.083044976576	-0.233061425855	0.0231654431295
sample1	-0.185544181592	0.107511615639	0.0985545866051
sample3	-0.141951929498	-0.00192700782707	-0.0619644363161
sample2	0.125987059784	-0.153542232763	-0.243224656137
sample9	-0.0210475752868	0.134266323687	0.303193078483

Biplot	0	0

Site constraints	0	0
