Eigvals	3
202.389393708	108.118454661	72.903141176

Proportion explained	3
0.263478114177	0.159627038728	0.123920697317

Species	0	0

Site	14	3
sample11	0.201644852682	-0.0733226569697	-0.205642308347
sample10	0.141217837783	-0.208750602625	0.103205674578
sample13	0.145275251931	-0.0434242826478	-0.304606812799
sample12	0.127792496249	0.0590688940216	0.157382411233
sample15	0.086864376592	0.183641840297	0.0467225901573
sample14	0.198377565298	0.302281036957	0.158230550324
sample5	-0.178057115038	0.11875821528	-0.1189746588
sample4	-0.197961491202	-0.170172398058	0.146213477575
sample7	0.0374934523878	-0.0685747419423	-0.0520914252193
sample6	-0.0489575821896	0.0845230091671	0.0505121757705
sample3	-0.263932990196	0.158289636006	-0.104608698888
sample2	-0.339592540119	-0.0505205025572	0.0224397683337
sample9	0.0584281464193	-0.182820117961	0.170313199816
sample8	0.0314077394026	-0.108977328967	-0.0690959437341

Biplot	0	0

Site constraints	0	0
