Eigvals	3
202.389393708	108.118454661	72.903141176

Proportion explained	3
0.263478114177	0.159627038728	0.123920697317

Species	0	0

Site	14	3
sample11	-0.0157957451787	0.0661636013125	-0.0555199475952
sample10	0.122318333168	-0.147514094514	-0.022085337635
sample13	0.106194133091	0.00984109800203	-0.063721985793
sample12	0.027692593619	0.0176031295801	-0.0169386620512
sample15	0.127994357235	0.134910091481	0.00785531924724
sample14	0.1170207713	0.112112095266	0.0158668664508
sample5	-0.110856954437	-0.0429545897407	-0.077351721625
sample4	-0.202445821235	0.0160712247235	-0.0953174688663
sample7	0.0470735490774	-0.18374986757	0.0302183166364
sample6	0.024931136677	0.0302106014332	0.230064827112
sample3	-0.197623930755	-0.032787047618	-0.0981016166858
sample2	-0.0948454410056	0.0501758936352	0.0213972625727
sample9	0.0691694805847	-0.0773864501845	0.126766909715
sample8	-0.0208264621414	0.047304314195	-0.0031327614822

Biplot	0	0

Site constraints	0	0
