Eigvals	3
200.473320279	171.375631543	99.3556758762

Proportion explained	3
0.309881266711	0.252782861818	0.157492846493

Species	0	0

Site	14	3
MCT.f.0608	0.22708798253	-0.0150424945871	0.138824022484
MCT.f.0609	0.22855949511	0.0681640052342	0.0886780979639
MCT.f.0606	0.123765437627	-0.22375817385	0.0539331341623
MCT.f.0607	0.196858378578	-0.147666649968	0.114585023498
MCT.f.0604	-0.0880915783005	-0.197731193051	-0.158868073095
MCT.f.0605	0.00651973375363	-0.252670962892	-0.114252174043
MCT.f.0602	-0.231885351668	0.00237293705766	-0.0316689168968
MCT.f.0603	-0.167902077339	-0.10126144414	-0.135419858396
MCT.f.0600	-0.219185253543	0.0869243430951	0.156016274417
MCT.f.0601	-0.24336887089	0.0839298307572	0.0950892052638
MCT.f.0610	0.19283828286	0.166829498131	-0.0763486640917
MCT.f.0611	0.113857376596	0.227283922877	-0.142620145549
MCT.f.0599	-0.167745890125	0.0757345395419	0.185313879039
MCT.f.0612	0.0286923348113	0.226891841794	-0.173261804757

Biplot	0	0

Site constraints	0	0
