Eigvals	3
200.473320279	171.375631543	99.3556758762

Proportion explained	3
0.309881266711	0.252782861818	0.157492846493

Species	0	0

Site	14	3
MCT.f.0608	0.0747594472067	-0.0439804496493	-0.0556842213149
MCT.f.0609	0.113886848108	0.235733854899	0.0748087663596
MCT.f.0606	-0.0242383944165	-0.0316663818305	0.0558909375299
MCT.f.0607	0.00553659199717	0.00287273934509	0.0303228632103
MCT.f.0604	-0.0115953746521	-0.0629489249213	-0.030231606649
MCT.f.0605	-0.017003952289	-0.0916772464212	-0.00807955961299
MCT.f.0602	-0.270074451998	0.153002237989	-0.0988102456925
MCT.f.0603	-0.0422752130112	-0.0544143677529	-0.0708384632807
MCT.f.0600	-0.0719923251955	-0.0894588899597	0.0688564615686
MCT.f.0601	-0.0323223064738	-0.0719027292284	0.0763883692048
MCT.f.0610	0.0686784225884	0.0387848023895	-0.11433230895
MCT.f.0611	0.152277870063	0.0265127792177	0.00308483456104
MCT.f.0599	-0.0378641289252	-0.0518860372916	0.141224641125
MCT.f.0612	0.0922269669976	0.0410286132151	-0.0726004680589

Biplot	0	0

Site constraints	0	0
