Eigvals	3
130.883877014	78.0558708613	56.9412992959

Proportion explained	3
0.356743436685	0.247744016757	0.141959231204

Species	0	0

Site	12	3
MCT.f.0167	-0.263548374776	-0.069803661671	0.0856546162855
MCT.f.0166	-0.19064401046	-0.058030128683	0.2230463413
MCT.f.0163	0.157370779371	-0.208865402213	0.108977785796
MCT.f.0162	0.255747764062	-0.214440295824	0.0217457557471
MCT.f.0161	0.281500670532	-0.133043258591	-0.0277389671799
MCT.f.0160	0.213059740289	0.0615937852101	-0.103287617673
MCT.f.0157	-0.00507193068806	0.287830144294	0.107207212433
MCT.f.0159	0.12118875397	0.222363451302	-0.0639088705272
MCT.f.0169	-0.188944832803	-0.036092690943	-0.18531380821
MCT.f.0168	-0.253933632035	-0.133969191109	-0.0347800663945
MCT.f.0170	-0.173823849882	-0.0133552193417	-0.193920282918
MCT.f.0158	0.047098922421	0.295812467569	0.0623179013397

Biplot	0	0

Site constraints	0	0
