Eigvals	3
130.883877014	78.0558708613	56.9412992959

Proportion explained	3
0.356743436685	0.247744016757	0.141959231204

Species	0	0

Site	12	3
MCT.f.0167	-0.128350849276	-0.135358193743	0.0115426886226
MCT.f.0166	-0.0758763358375	-0.0533060853335	0.098756133005
MCT.f.0163	0.0369226521736	0.00288942125699	0.132155118776
MCT.f.0162	0.0291570470391	-0.0965560261284	0.0325603456343
MCT.f.0161	0.174362604305	-0.0582842632124	-0.111329585252
MCT.f.0160	0.138659838695	0.00434272380646	-0.0845331754864
MCT.f.0157	-0.108698696071	0.109862970492	-0.0253267357905
MCT.f.0159	-0.0552450001334	-0.01035787366	-0.107866509179
MCT.f.0169	-0.0524790364716	-0.0637370109295	0.119309570154
MCT.f.0168	-0.096487884788	0.0267473185542	-0.0562884996319
MCT.f.0170	0.0673293658224	0.210208730908	-0.0796673252097
MCT.f.0158	0.0707062945431	0.0635482879888	0.0706879743571

Biplot	0	0

Site constraints	0	0
