Eigvals	3
103.029477846	68.7058275919	56.2957093755

Proportion explained	3
0.221531417172	0.155371652639	0.120949372871

Species	0	0

Site	14	3
sample11	0.0591454814039	0.00508349775046	-0.0308451961142
sample10	0.0142437909909	0.0764132380301	-0.0803737386875
sample13	-0.0947742482215	0.00974636505738	-0.123118403256
sample12	0.0607826299137	-0.0026354567172	0.0505541571815
sample14	-0.0653777970725	0.0811509603905	-0.0480708766456
sample5	0.0187127105631	-0.14046978218	0.116450087228
sample4	-0.174351671325	-0.0659497017179	0.00758112044951
sample7	0.0260082691585	-0.206879192868	0.0258025324561
sample6	-0.00602277217978	-0.0217959771777	-0.0155093764458
sample1	-0.0028293833605	0.0540648526836	-0.0183883764583
sample3	-0.0220453750301	0.129649762353	0.15148961501
sample2	0.0153667600743	0.0609030580281	0.0392203912216
sample9	0.08814714045	-0.00601551272685	-0.0345380185655
sample8	0.0829944646354	0.0267338890941	-0.0402539173739

Biplot	0	0

Site constraints	0	0
