Eigvals	3
103.029477846	68.7058275919	56.2957093755

Proportion explained	3
0.221531417172	0.155371652639	0.120949372871

Species	0	0

Site	14	3
sample11	0.0834497261386	0.217113905609	0.186999054106
sample10	0.100111804041	0.258331690537	-0.105589230978
sample13	0.0823939528444	-0.231792361182	0.156731164968
sample12	0.159766027937	-0.210836061085	0.125030037702
sample14	-0.119776900732	0.030442125196	-0.241211898568
sample5	-0.184208861462	-0.0497600926278	0.0706532393843
sample4	-0.352676761604	-0.0199334431254	0.0346860051881
sample7	0.13887455863	-0.166529055062	-0.11779686628
sample6	0.0229240416994	-0.125531275368	-0.0274468578124
sample1	-0.273238916024	0.100522534986	0.0650838848795
sample3	0.170406788084	0.20375715369	0.174662293013
sample2	-0.175750992744	-0.0366406675908	-0.0574413337817
sample9	0.151935476528	-0.0574874817918	-0.116391992198
sample8	0.195790056665	0.0883430278153	-0.147967499623

Biplot	0	0

Site constraints	0	0
