Eigvals	3
152.230853591	87.6378226953	62.4404024499

Proportion explained	3
0.266575592863	0.181602485142	0.141988831707

Species	0	0

Site	10	3
sample10	0.0660689225398	0.0621366700903	-0.0612092248792
sample13	-0.122490478823	0.0599292119954	-0.125591550412
sample12	-0.0445044043377	0.0664169527103	-0.131869640287
sample15	-0.128177262396	-0.00726856290034	-0.0371802672761
sample14	-0.0165150067712	0.0871240204545	-0.0645965200846
sample5	-0.0151012431244	-0.252172386033	0.133118023625
sample7	0.0774210218658	-0.0111961898743	-0.0103997231919
sample3	0.120571062918	-0.117954667155	0.00268014628837
sample9	0.124397333188	0.010090752145	0.0416735060919
sample8	-0.0616699450592	0.102894198567	0.253375250125

Biplot	0	0

Site constraints	0	0
