Eigvals	3
152.230853591	87.6378226953	62.4404024499

Proportion explained	3
0.266575592863	0.181602485142	0.141988831707

Species	0	0

Site	10	3
sample10	0.0646650602927	-0.244256946774	-0.13775546173
sample13	-0.177061580832	0.0904134580601	-0.110378287934
sample12	-0.134750385487	0.0574922171416	-0.200226648759
sample15	-0.317308640822	-0.0359536524787	-0.122525751145
sample14	0.332679219408	0.21422173881	-0.0952328534598
sample5	0.190634871802	-0.157898032913	0.143646848464
sample7	0.142390149239	0.29779305063	0.0102634491654
sample3	-0.0963605822792	0.062025437751	0.126201430293
sample9	0.144388456611	-0.312669712977	-0.0131977694715
sample8	-0.149276567933	0.0288324427501	0.399205044577

Biplot	0	0

Site constraints	0	0
