Eigvals	3
425.270672112	95.1228648599	67.3479279587

Proportion explained	3
0.40824975325	0.167270296666	0.124403193845

Species	0	0

Site	11	3
MCT.f.0460	-0.0673197165793	0.0958193737512	0.364998827743
MCT.f.0461	-0.122146172736	0.121022027174	0.0494738205382
MCT.f.0475	0.129826890369	0.123854078928	-0.0244764318993
MCT.f.0467	-0.0981441837718	0.136035443117	-0.0936460696819
MCT.f.0464	-0.160375747144	-0.07241153616	0.160153985407
MCT.f.0462	-0.112004561856	-0.494441097455	-0.0396157916799
MCT.f.0463	-0.12944591296	0.0422426009353	-0.134214646482
MCT.f.0473	0.416988937249	0.0047565224915	-0.0892080431859
MCT.f.0472	0.339244881354	-0.0952837176954	0.10547716423
MCT.f.0468	-0.106300798224	0.0111232621882	-0.180898527068
MCT.f.0470	-0.0903236157007	0.127283042725	-0.118044287921

Biplot	0	0

Site constraints	0	0
