Eigvals	3
425.270672112	95.1228648599	67.3479279587

Proportion explained	3
0.40824975325	0.167270296666	0.124403193845

Species	0	0

Site	11	3
MCT.f.0460	-0.003846075938	-0.0127840172069	0.00877131960162
MCT.f.0461	-0.0188713820745	0.00640345131645	0.0674606629816
MCT.f.0475	0.0557224103364	0.070928100978	0.0161093309778
MCT.f.0467	0.00709983873328	-0.0218891719478	-0.0419155449091
MCT.f.0464	0.0266536347701	-0.0297740866183	-0.0261562026291
MCT.f.0462	0.00238089548764	-0.0212537148291	0.0288276584039
MCT.f.0463	-0.158566887371	0.137019297892	-0.0626132568852
MCT.f.0473	0.0233659354466	-0.0401747038644	0.0242216863521
MCT.f.0472	0.0364070284342	0.000929396446779	-0.000527772038848
MCT.f.0468	0.0212153196271	-0.0544123520917	-0.0228080040815
MCT.f.0470	0.0084392825484	-0.0349922000746	0.00863012222666

Biplot	0	0

Site constraints	0	0
