Eigvals	3
102.95853099	68.706009817	56.3013140204

Proportion explained	3
0.229229556483	0.17847102552	0.139816520993

Species	0	0

Site	14	3
MCT.f.0344	-0.0545622630568	-0.185469739164	-0.151925249631
MCT.f.0351	0.201544740429	0.208891162792	-0.189661376423
MCT.f.0347	-0.2389138072	0.0844773331632	-0.0184226330325
MCT.f.0352	0.193279478923	0.142470241213	-0.224129248872
MCT.f.0349	-0.166193402521	0.20198883628	0.112662868345
MCT.f.0348	-0.202589710575	0.181854273336	0.0673175654588
MCT.f.0350	-0.078660173871	0.157830566673	0.0778473936594
MCT.f.0346	-0.152433150553	-0.189428605078	-0.109971679562
MCT.f.0345	-0.100237556347	-0.274559410238	-0.114351821056
MCT.f.0353	-0.0598966157253	-0.0445837421047	0.0117666869404
MCT.f.0354	0.0152289934696	-0.130877996572	0.186509248644
MCT.f.0355	0.198038174946	-0.0895991703138	0.225353843352
MCT.f.0356	0.250325236608	-0.0685859349464	0.137082743181
MCT.f.0357	0.195070055473	0.00559218495826	-0.0100783410054

Biplot	0	0

Site constraints	0	0
