Eigvals	3
102.95853099	68.706009817	56.3013140204

Proportion explained	3
0.229229556483	0.17847102552	0.139816520993

Species	0	0

Site	14	3
MCT.f.0344	0.0336821947442	-0.0515041735594	-0.0119107397174
MCT.f.0351	0.0812225297426	0.0222121384046	-0.0632013595591
MCT.f.0347	-0.099230557031	-0.0306943100854	0.176187656678
MCT.f.0352	0.0674689386354	0.055710912179	-0.0562111628742
MCT.f.0349	0.00567845829981	0.0189184807761	0.022660429664
MCT.f.0348	-0.149323953071	0.133959917072	-0.0138030412747
MCT.f.0350	-0.0795790681182	0.209012831669	0.055064337006
MCT.f.0346	-0.114690620072	-0.148489921562	-0.114736251622
MCT.f.0345	-0.0124804415342	-0.0532877825991	-0.0599590461813
MCT.f.0353	0.107664293841	-0.0583838574345	-0.00500692696958
MCT.f.0354	0.0555675515615	0.0293413029589	-0.0378177112116
MCT.f.0355	-0.0249559815549	0.0305679294034	-0.0772206999417
MCT.f.0356	0.0835446192658	-0.0492258131206	0.140443561473
MCT.f.0357	0.0454320352909	-0.108137654103	0.045510954531

Biplot	0	0

Site constraints	0	0
