Eigvals	3
306.547064293	90.0171180073	72.9957651699

Proportion explained	3
0.318677130632	0.135440828412	0.105578518173

Species	0	0

Site	15	3
MCT.f.0007	-0.025290392475	0.0555632051555	-0.0832990736134
MCT.f.0003	-0.0614764196319	0.189473362819	0.15587519636
MCT.f.0004	0.104228803534	-0.0449373680048	-0.0337283373071
MCT.f.0005	0.159237691728	0.00352243430831	-0.282660581484
MCT.f.0008	-0.034534882419	-0.0755094630465	0.197464853162
MCT.f.0009	0.169168887806	0.253697821186	-0.158342648605
MCT.f.0006	0.258256796693	-0.277555658131	0.0220120650534
MCT.f.0017	-0.154041342119	-0.233864641874	-0.0342407090598
MCT.f.0016	-0.163291082747	-0.0983775066422	-0.0485953710795
MCT.f.0002	-0.156649254912	0.13916767876	0.112246232529
MCT.f.0014	0.180282090499	-0.135059344481	0.115854634781
MCT.f.0013	0.28377456231	0.166089066186	0.16525151149
MCT.f.0012	-0.118525258642	0.0347641635425	-0.0774532875135
MCT.f.0011	-0.227738185651	0.0492392006749	-0.0407065397342
MCT.f.0010	-0.213402013974	-0.026212950453	-0.0096779449795

Biplot	0	0

Site constraints	0	0
