Eigvals	3
140.434932825	76.141673852	56.5182290283

Proportion explained	3
0.222542666311	0.143660323486	0.112051223904

Species	0	0

Site	16	3
MCT.f.0149	0.204174871609	0.213778327323	-0.184126102166
MCT.f.0148	0.0550879004474	0.101004673038	-0.0814892935089
MCT.f.0145	-0.127859086515	-0.226245787562	0.087591198736
MCT.f.0144	-0.199645599346	-0.0917188535817	-0.140087163589
MCT.f.0147	0.0958797773707	-0.111908205691	0.213528860502
MCT.f.0146	0.0178786634131	-0.0621325767638	-0.0335468895361
MCT.f.0141	-0.213544410343	-0.00901003476356	-0.15160690859
MCT.f.0152	0.199162418351	-0.0616638633493	-0.257413532143
MCT.f.0143	0.0186923084495	0.203795427233	0.145609004655
MCT.f.0142	-0.0195257310603	0.237649784938	0.179092504676
MCT.f.0137	-0.20172031647	0.170277203177	0.0378288404355
MCT.f.0150	0.33278885766	-0.0689347332877	0.0884414038766
MCT.f.0153	0.0359938395063	-0.0201174913677	0.0470732537822
MCT.f.0151	-0.114675122558	0.0121148900942	-0.0260082907161
MCT.f.0138	0.084866926179	-0.245976234754	0.0444332289278
MCT.f.0139	-0.167555296693	-0.0409125246842	0.030679884658

Biplot	0	0

Site constraints	0	0
