Eigvals	3
260.183046845	187.264830399	69.8385024822

Proportion explained	3
0.323580003223	0.216680198503	0.121983615756

Species	0	0

Site	13	3
sample11	0.166517520845	-0.132391671273	-0.0138263429821
sample10	0.216677219225	-0.070026883702	-0.067419274461
sample13	0.163379096958	-0.102363600659	-0.021715054868
sample12	0.167345433734	-0.0912195119917	-0.000213464385953
sample15	-0.0427550301946	0.259448927195	0.00645680858454
sample16	-0.134195454998	0.284595763396	-0.215789597334
sample5	-0.0205812710116	0.101418703684	0.29767198566
sample4	-0.0104976639422	0.0499519725431	0.286610500454
sample7	0.105788577677	0.0435343591915	-0.099818994831
sample6	-0.0798836626914	0.0922716890098	-0.047562558612
sample1	-0.371951243681	-0.181228829323	-0.00675773533752
sample2	-0.356803565355	-0.192297306866	-0.0512198324212
sample8	0.196960043435	-0.0616936112037	-0.066416439466

Biplot	0	0

Site constraints	0	0
