Eigvals	3
260.183046845	187.264830399	69.8385024822

Proportion explained	3
0.323580003223	0.216680198503	0.121983615756

Species	0	0

Site	13	3
sample11	0.0235867164791	-0.132013121809	-0.099996678449
sample10	0.0573515585432	-0.165425293586	-0.00556810820888
sample13	0.115032307198	0.0570582494701	-0.021881504906
sample12	0.0385594259727	-0.0223988696605	-0.049096213587
sample15	0.0643571635525	0.115196089297	-0.0955082706803
sample16	0.116271772209	0.0720065557214	-0.0893057790913
sample5	-0.0366642243663	0.0717106030277	0.282819683743
sample4	0.0421418516812	0.106664387714	0.132388543012
sample7	0.0459263406972	0.11421357671	0.0145122144829
sample6	-0.13437802559	0.0553556442186	0.120154915219
sample1	-0.0762064387154	-0.16355962852	-0.0323750796045
sample2	-0.171136186168	-0.161924463533	-0.061542483941
sample8	-0.084842261493	0.0531162709498	-0.0946012379892

Biplot	0	0

Site constraints	0	0
