Eigvals	3
96.4168990564	61.9693871008	53.6498081493

Proportion explained	3
0.318311935101	0.218240187214	0.16858474617

Species	0	0

Site	13	3
MCT.f.0007	-0.26961963279	0.00486950664598	-0.099850665811
MCT.f.0004	-0.0913974954506	0.0410895201923	0.266124193342
MCT.f.0005	-0.217097490692	0.0719022437784	0.21755666019
MCT.f.0008	-0.210236617261	-0.0593573144326	-0.172775305632
MCT.f.0009	-0.0819015524117	-0.147445367956	-0.169533650374
MCT.f.0006	-0.255853226618	0.0454600537362	0.0513418720761
MCT.f.0017	0.106382080588	0.306009618983	-0.100544343481
MCT.f.0016	0.171466112547	0.270359469938	-0.0894219841463
MCT.f.0014	0.216195823485	0.103195715451	0.00394227557301
MCT.f.0013	0.216768477188	-0.0771003883766	0.0690988207795
MCT.f.0012	0.211620509278	-0.17570069799	0.0904236531583
MCT.f.0011	0.14937551759	-0.197328742007	0.0234079374256
MCT.f.0010	0.0542974945482	-0.185953617962	-0.0897694631007

Biplot	0	0

Site constraints	0	0
