Eigvals	3
96.4168990564	61.9693871008	53.6498081493

Proportion explained	3
0.318311935101	0.218240187214	0.16858474617

Species	0	0

Site	13	3
MCT.f.0007	-0.123783760306	0.00980747986643	-0.0724095771739
MCT.f.0004	-0.134442280837	-0.01761493194	0.0180722860294
MCT.f.0005	-0.100531331112	-0.012326492657	0.164230155179
MCT.f.0008	-0.0839753170614	0.0266385072748	0.0259199082794
MCT.f.0009	-0.0730882483203	2.8923448324e-05	-0.03773396436
MCT.f.0006	-0.109154480701	0.0246582059245	-0.0016379985589
MCT.f.0017	0.189152319744	0.231291191118	0.105214995739
MCT.f.0016	0.00796904290452	0.111714944876	-0.160934487538
MCT.f.0014	0.020695436839	0.00750704997717	-0.176055016357
MCT.f.0013	-0.00369323556876	-0.087083388722	-0.0540649743964
MCT.f.0012	0.0862657105128	-0.01943355661	0.0831397602646
MCT.f.0011	0.0918297713735	-0.145572373705	0.0809815648528
MCT.f.0010	0.232756372532	-0.129615558851	0.0252773480408

Biplot	0	0

Site constraints	0	0
