Eigvals	3
351.192294725	151.695832538	104.167676025

Proportion explained	3
0.261573253843	0.13899630441	0.105000545976

Species	0	0

Site	17	3
sample11	0.218389511655	-0.0476740043485	0.0730616081001
sample10	0.131684176419	0.169361582709	0.0723471282642
sample13	0.0773150743899	-0.0987187341976	0.0377884797687
sample12	0.138494203278	-0.122517774117	0.0738177102253
sample15	-0.00150278137136	-0.100129768385	-0.163385161531
sample14	0.164897138272	-0.27431945283	-0.143796613831
sample17	-0.172572545625	0.131367871323	-0.127137973234
sample16	0.143878819852	0.15867751352	-0.220249125109
sample5	0.106731626563	0.0338520982055	-0.162188627847
sample4	-0.203145926919	0.00790652877759	-0.0101399042526
sample7	-0.0585725695296	-0.135021896752	0.177478481171
sample6	0.143131012109	0.16351836816	0.213356004569
sample1	-0.213870354739	0.0135545430919	0.0556834122613
sample3	-0.208036106143	-0.212520216379	0.0939039702562
sample2	-0.238223833517	0.0412646750975	-0.101447478643
sample9	0.111814695827	0.122662514575	0.0608721283467
sample8	-0.140412140521	0.148736151549	0.0700359614853

Biplot	0	0

Site constraints	0	0
