Eigvals	3
351.192294725	151.695832538	104.167676025

Proportion explained	3
0.261573253843	0.13899630441	0.105000545976

Species	0	0

Site	17	3
sample11	0.124380092612	-0.132051816426	0.0331788200674
sample10	-0.0152172898493	0.0838839730181	0.0112822543642
sample13	-0.0468559546935	-0.0450693079683	-0.0566523032478
sample12	0.159379963034	-0.0211635757978	-0.0161309863282
sample15	0.0871388501416	-0.0273950939849	-0.0710241177529
sample14	0.116813419436	-0.0957614233231	-0.0332367441277
sample17	0.047357691326	0.0765550738553	-0.0979366649366
sample16	-0.00657616873509	-0.0212189244811	-0.0958010430073
sample5	-0.00353360178701	0.103827531275	0.0171536931362
sample4	-0.0649045935488	-0.0050778572406	0.0229234465455
sample7	0.0200923422708	0.10888658337	0.117223515559
sample6	-0.0861286075156	-0.034633002553	0.0420274732013
sample1	-0.113438710269	0.071608200788	0.070847209654
sample3	-0.108567858711	-0.0534394045501	-0.00282223589872
sample2	-0.112005856768	0.0411843051947	0.0555435563971
sample9	-0.00754748637752	0.0134837277413	-0.0160446700052
sample8	0.00961376943396	-0.0636189889166	0.0194687963794

Biplot	0	0

Site constraints	0	0
