Eigvals	3
78.4710275769	54.8556784351	39.7028579034

Proportion explained	3
0.223913346631	0.16885108036	0.130997239339

Species	0	0

Site	11	3
sample13	-0.381598716447	0.209544436644	-0.214980708176
sample12	-0.0216406595491	-0.28337574626	-0.0534506169341
sample15	0.0943076056129	0.228904482359	-0.210075995571
sample14	-0.389283215154	-0.186821770248	0.171993809409
sample7	0.0601626287041	0.157014132013	0.142584300082
sample6	0.0533291319313	0.238855234233	0.325788084653
sample1	0.0937248758879	-0.119606384989	0.0342143173842
sample3	0.154983612092	-0.0646417289775	0.0518741271837
sample2	0.15578297658	-0.122316467563	-0.12386114829
sample9	0.0331514690433	-0.0533650577566	-0.0344115941512
sample8	0.1470802913	-0.00419112945522	-0.089674575588

Biplot	0	0

Site constraints	0	0
