Eigvals	3
78.4710275769	54.8556784351	39.7028579034

Proportion explained	3
0.223913346631	0.16885108036	0.130997239339

Species	0	0

Site	11	3
sample13	-0.0225535816227	0.0236594158046	-0.0372557216322
sample12	0.0498621797455	-0.025079296667	0.0777221385324
sample15	0.0116959168486	-0.034867285042	0.052641138501
sample14	-0.0910412537524	-0.0228953003519	0.0199724141527
sample7	-0.0102721055326	0.0235487769347	0.0630031042614
sample6	0.036568223641	0.0555727798795	0.061336939007
sample1	0.0882841423232	-0.0447313017263	-0.0461899878328
sample3	-0.091437410324	-0.0201554828822	-0.133375404406
sample2	0.0721638579188	-0.0750003623912	-0.00317487687664
sample9	-0.103098761037	0.00380904767963	0.0106233493147
sample8	0.0598287917919	0.116139008762	-0.0653030930213

Biplot	0	0

Site constraints	0	0
