Eigvals	3
137.626245163	78.1407061666	58.6271377143

Proportion explained	3
0.245100159842	0.160269890556	0.120313170004

Species	0	0

Site	13	3
sample13	-0.192680167025	-0.135188398431	-0.0622043804059
sample12	-0.10969609011	0.191471576771	-0.0937426996054
sample15	-0.1714074735	0.0638559202019	-0.2161174797
sample14	-0.115375613681	-0.181989447921	0.0760459105804
sample16	0.00407791636536	0.252178296738	0.112367277637
sample5	-0.125484047328	0.0109358590423	0.0402209213088
sample4	0.0926523936291	0.24339318421	0.238067375678
sample7	-0.0439800847073	-0.266726447299	0.111715391047
sample6	0.06603939327	-0.133462264687	0.206171293075
sample1	-0.00627172605471	0.0906459100442	-0.161217314428
sample3	-0.141579089265	-0.0238656091374	-0.0330703337741
sample9	0.361364588227	0.0236332489571	-0.0494515218495
sample8	0.38234000018	-0.134881828488	-0.168784439564

Biplot	0	0

Site constraints	0	0
