Eigvals	3
137.626245163	78.1407061666	58.6271377143

Proportion explained	3
0.245100159842	0.160269890556	0.120313170004

Species	0	0

Site	13	3
sample13	-0.115409819326	-0.106159731487	-0.178143316687
sample12	-0.0205159430335	0.0172220361211	-0.153802872487
sample15	0.0244086563065	0.0194053309851	-0.164749736137
sample14	-0.158113957901	-9.63299742159e-05	0.0173427649636
sample16	-0.0356179980536	0.119762710095	0.276036010259
sample5	-0.118899043063	-0.0577448566182	0.0517302858129
sample4	0.109703463006	0.0915036624308	0.0444524155341
sample7	0.122587690101	-0.184308160916	0.167874966403
sample6	0.0855003298751	-0.0987964679819	0.172254557873
sample1	0.0322089892285	0.0416148051011	-0.119521638683
sample3	-0.132559481746	0.147405404813	0.0349408342221
sample9	0.134724545195	0.0922374515806	-0.0762472109433
sample8	0.0719825694117	-0.0820458541494	-0.0721670601307

Biplot	0	0

Site constraints	0	0
