Eigvals	3
193.8465464	122.498162334	78.1898441136

Proportion explained	3
0.210691853509	0.157087543446	0.11358004291

Species	0	0

Site	17	3
MCT.f.0440	-0.226713475279	0.112981592084	0.0219291447115
MCT.f.0441	-0.25368180706	-0.044389893043	-0.0855463062965
MCT.f.0442	-0.227812388213	-0.123678382104	-0.173991057077
MCT.f.0427	0.0723958563823	-0.244866735669	0.022561578754
MCT.f.0439	-0.080118798356	0.152028954154	0.280657535823
MCT.f.0438	-0.0907704397015	0.209283542314	0.0759335660398
MCT.f.0428	-0.00380798053192	-0.169537099508	0.186959518667
MCT.f.0429	-0.0126907091957	0.21039786976	-0.0176964427405
MCT.f.0437	0.155358656513	-0.016307727086	-0.0799508550753
MCT.f.0431	0.213476012536	0.117764335305	-0.145246799302
MCT.f.0430	0.208963872369	0.165029268373	-0.164159929917
MCT.f.0433	0.0705670973038	-0.120051080697	-0.0840460569455
MCT.f.0432	0.174244069358	-0.0946749478817	0.116329010689
MCT.f.0435	-0.125175368762	-0.0708907360808	-0.190700565858
MCT.f.0434	0.0816312172066	-0.00984461373505	0.0986023826904
MCT.f.0426	0.0268665619706	-0.189771406644	0.0988081668967
MCT.f.0436	0.017267623459	0.116527060459	0.0395571089394

Biplot	0	0

Site constraints	0	0
