Eigvals	3
193.8465464	122.498162334	78.1898441136

Proportion explained	3
0.210691853509	0.157087543446	0.11358004291

Species	0	0

Site	17	3
MCT.f.0440	-0.0105388474883	0.0542956203344	-0.0220829654063
MCT.f.0441	-0.0329076563059	-0.0197927982092	-0.00175876505248
MCT.f.0442	-0.0295899806237	-0.0643609658973	0.00151227499524
MCT.f.0427	0.0177871636783	-0.0246486554486	0.020192196692
MCT.f.0439	0.0229813851674	0.0866883856723	0.0604865552501
MCT.f.0438	0.0362365837334	0.0259175003231	0.0118199078068
MCT.f.0428	-0.0272070803366	-0.0714458847587	0.000281604807367
MCT.f.0429	-0.0274731252022	-0.0367955388883	0.00248635439481
MCT.f.0437	-0.0509456946484	0.0884065162238	0.137826604231
MCT.f.0431	0.0684201945119	0.00497541585034	-0.0288543439214
MCT.f.0430	0.0680800657452	-0.0253206767905	-0.00424906591787
MCT.f.0433	0.00226885610602	0.0416195907142	-0.0921829355476
MCT.f.0432	0.0627986467402	0.0319481023325	0.023015326041
MCT.f.0435	-0.0504423593645	0.0198687225942	-0.0225797361143
MCT.f.0434	-0.0256685573673	-0.0186671058367	-0.0244951103472
MCT.f.0426	0.0510984648352	-0.0661357399072	-0.0282886159767
MCT.f.0436	-0.0748980591806	-0.0265524883083	-0.0331292859345

Biplot	0	0

Site constraints	0	0
