Eigvals	3
121.192885536	73.3265151044	54.1708001435

Proportion explained	3
0.310312489573	0.22564808061	0.160145266349

Species	0	0

Site	14	3
MCT.f.0558	0.275537812152	-0.0334102638927	-0.00602917385714
MCT.f.0557	0.148743956425	0.0216244426806	-0.0289887626006
MCT.f.0549	-0.035139176554	0.134684999605	-0.0184555087365
MCT.f.0548	-0.0508481065164	0.191162923912	0.087422179313
MCT.f.0561	0.0639777973464	0.00795753531963	-0.0299287994928
MCT.f.0560	0.120489363881	-0.0460530600906	-0.0169325311767
MCT.f.0552	-0.013902020694	-0.0756557962317	-0.179980100412
MCT.f.0553	-0.107927662225	-0.10833042028	-0.169035694513
MCT.f.0559	0.0922607487056	-0.054955509606	0.0880035474897
MCT.f.0551	-0.187453767771	0.0907940806233	0.033169307237
MCT.f.0556	0.0894122040301	-0.0816260927678	-0.0520491835951
MCT.f.0550	-0.0431057013342	0.166781217015	0.0801426409549
MCT.f.0554	-0.136087816867	-0.0240473486995	-0.0220469998591
MCT.f.0555	-0.215957630579	-0.188926707587	0.234709079249

Biplot	0	0

Site constraints	0	0
