Eigvals	3
121.192885536	73.3265151044	54.1708001435

Proportion explained	3
0.310312489573	0.22564808061	0.160145266349

Species	0	0

Site	14	3
MCT.f.0558	0.235584381252	-0.0489609420157	0.0179202306181
MCT.f.0557	0.100391080361	-0.0927725717453	0.159211520843
MCT.f.0549	-0.0735092881732	0.266352501414	0.108301329469
MCT.f.0548	-0.0365432784307	0.282851785364	0.159060186908
MCT.f.0561	0.222722458808	-0.0147920924732	-0.118011841942
MCT.f.0560	0.270918875647	0.000395822270893	-0.0904355297377
MCT.f.0552	-0.156782985153	-0.00670522932466	-0.189112620773
MCT.f.0553	-0.185806195048	-0.101430216626	-0.157872656366
MCT.f.0559	0.264954767256	-0.0126236041523	-0.0500437618929
MCT.f.0551	-0.156592290467	0.0920182323238	-0.169619465701
MCT.f.0556	-0.0701800291996	-0.186534503283	0.193850115723
MCT.f.0550	-0.103507659241	0.221791784382	0.00639849388224
MCT.f.0554	-0.193086344916	-0.191842282739	-0.0240190767626
MCT.f.0555	-0.118563492695	-0.207748683396	0.154373075732

Biplot	0	0

Site constraints	0	0
