Eigvals	3
106.619526026	91.3997084186	47.7637803439

Proportion explained	3
0.226770509025	0.197083341796	0.123634917307

Species	0	0

Site	12	3
sample11	0.0375063100875	0.00912276582772	-0.0191403357648
sample10	0.101346261436	-0.0207686866445	0.00123312792471
sample13	0.0222569011968	0.0722831982561	0.100004661436
sample12	-0.0793500646955	0.0578145246716	-0.0412315245082
sample5	-0.0675052041274	-0.0218438037021	-0.102552331897
sample4	0.0147784702505	-0.0344923027751	-0.106963980653
sample6	0.0252088823564	-0.0295104477938	-0.0595497452423
sample1	0.0297321786544	0.0540485004305	0.124034295722
sample3	0.0475494761909	0.0016146464467	-0.00151992825565
sample2	-0.0630730162997	-0.216958891442	0.0796979248859
sample9	0.000736789332093	0.0525965781951	0.0456277830742
sample8	-0.0691869843818	0.0760939185293	-0.0196399467218

Biplot	0	0

Site constraints	0	0
