Eigvals	3
106.619526026	91.3997084186	47.7637803439

Proportion explained	3
0.226770509025	0.197083341796	0.123634917307

Species	0	0

Site	12	3
sample11	-0.263629925516	-0.0305084757596	-0.17046246043
sample10	0.107601688581	0.300606679776	-0.146862999097
sample13	0.124522796414	-0.143244070753	0.205680391221
sample12	0.105014260989	0.341418295529	0.0904718112032
sample5	-0.166821120279	-0.127716708936	-0.203249887446
sample4	0.298494722845	-0.0771368990938	-0.143994732451
sample6	-0.125312768036	-0.0284432906002	0.227118460569
sample1	-0.0626136736567	0.130612958777	0.161722103656
sample3	0.315094952464	-0.21116906136	-0.0483016474214
sample2	-0.0999051984565	-0.177525995022	0.130879247294
sample9	-0.0492989978445	0.00718741545927	-0.053463130549
sample8	-0.183146737506	0.0159191519828	-0.0495371565483

Biplot	0	0

Site constraints	0	0
