Eigvals	3
93.2343201314	55.9996940619	43.7664606974

Proportion explained	3
0.43909259	0.21401817865	0.125975441399

Species	0	0

Site	11	3
MCT.f.0365	-0.274112610405	-0.0186328299879	-0.0765983457155
MCT.f.0364	-0.25336603811	0.0470147819951	0.00582994622918
MCT.f.0374	0.29887802798	0.274382017812	-0.204074699239
MCT.f.0366	-0.211529093336	-0.0922999722989	-0.132118325332
MCT.f.0372	0.316262859088	0.0602240603817	0.0535815737694
MCT.f.0363	-0.245439502631	0.136299468469	0.108351408933
MCT.f.0370	0.206297594367	-0.114579665826	0.0928466298027
MCT.f.0362	-0.217955030122	0.174158707995	0.116966181847
MCT.f.0371	0.293473816008	0.0074567994802	0.0938812198608
MCT.f.0369	0.0850380922086	-0.239139677996	0.0255061831932
MCT.f.0368	0.00245188495293	-0.234883690025	-0.0841717733495

Biplot	0	0

Site constraints	0	0
