Eigvals	3
93.2343201314	55.9996940619	43.7664606974

Proportion explained	3
0.43909259	0.21401817865	0.125975441399

Species	0	0

Site	11	3
MCT.f.0365	-0.0667803679102	0.102773074933	-0.151451595425
MCT.f.0364	-0.0971811986715	0.0535710177968	-0.0981192674194
MCT.f.0374	0.0324985536331	-0.0790611093599	-0.00272407759288
MCT.f.0366	-0.0796819566822	0.0201933334227	-0.0871177533198
MCT.f.0372	0.0973857216574	0.150653686896	-0.00342059876138
MCT.f.0363	-0.148849583646	0.0727868942806	0.235693710534
MCT.f.0370	0.242392295112	-0.0378106560404	-0.0376632631189
MCT.f.0362	-0.171888397036	0.0349704325328	0.0292531946882
MCT.f.0371	0.202664910895	0.062874867678	0.0700515009252
MCT.f.0369	0.105664199327	-0.216440428643	-0.00174224888265
MCT.f.0368	-0.116224176679	-0.164511113497	0.0472403983724

Biplot	0	0

Site constraints	0	0
