Eigvals	3
107.848732309	89.6201463781	59.7813958319

Proportion explained	3
0.271446464897	0.237969728307	0.163387346236

Species	0	0

Site	12	3
MCT.f.0459	0.0946942431236	-0.256696750567	0.0432902606002
MCT.f.0458	0.158630936334	-0.27158889991	-0.021882664239
MCT.f.0457	0.265640319348	-0.108446865971	-0.121177789166
MCT.f.0456	0.257581307253	0.109605641068	-0.0739651708686
MCT.f.0455	0.150616448883	0.232650733751	-0.027808951127
MCT.f.0454	0.017523774192	0.272650418477	0.0297845672153
MCT.f.0453	-0.0407526264557	0.227951639287	0.0386719989179
MCT.f.0445	-0.257159876251	-0.0410398310652	-0.116918969012
MCT.f.0451	-0.0907771017092	-0.012600999459	0.288212025988
MCT.f.0450	-0.0837327841232	-0.0821484002405	0.280234664321
MCT.f.0446	-0.263986300047	-0.0755822986114	-0.163227633842
MCT.f.0447	-0.208278340548	0.00524561324155	-0.155212338788

Biplot	0	0

Site constraints	0	0
