Eigvals	3
107.848732309	89.6201463781	59.7813958319

Proportion explained	3
0.271446464897	0.237969728307	0.163387346236

Species	0	0

Site	12	3
MCT.f.0459	0.0246812970757	-0.166195955156	0.15677463369
MCT.f.0458	0.0632547698529	-0.131360082022	0.078884611407
MCT.f.0457	0.11221715756	-0.0242035986884	-0.155580092989
MCT.f.0456	0.177566982049	0.0434093268543	-0.0624494438935
MCT.f.0455	0.00424316754186	0.170557858255	0.088016996643
MCT.f.0454	-0.0198246618866	0.127386637677	0.0546293655253
MCT.f.0453	0.0957240492129	0.0132881842792	0.155602106193
MCT.f.0445	-0.0442919096031	0.0525030989182	-0.103017811029
MCT.f.0451	-0.0637925509523	0.0652965373099	-0.0879631149604
MCT.f.0450	0.042945349984	0.000798249816543	-0.0368948095927
MCT.f.0446	-0.155600060923	-0.0570946022654	-0.0585659602573
MCT.f.0447	-0.237123589911	-0.0943856549785	-0.0294364807363

Biplot	0	0

Site constraints	0	0
