Eigvals	3
211.082639103	183.070439938	99.4090293333

Proportion explained	3
0.225651271061	0.194285889082	0.128938455768

Species	0	0

Site	16	3
MCT.f.0608	0.173352082681	-0.133196637514	0.0283866724965
MCT.f.0609	0.131052217962	-0.20057194499	-0.000204792816606
MCT.f.0606	0.140650887811	0.0780639952427	0.130773155837
MCT.f.0607	0.141381704134	-0.00678056144153	0.190055192636
MCT.f.0604	0.139236158715	0.164152316327	-0.19039862899
MCT.f.0605	0.189348040545	0.100583068504	-0.108551872629
MCT.f.0602	-0.0472550082593	0.0222371998143	-0.192237594766
MCT.f.0603	0.0715553561278	0.158947078282	-0.185462483162
MCT.f.0600	-0.288156715123	-0.0368798643564	-0.0434209920185
MCT.f.0601	-0.241966017423	-0.10065651835	-0.174281609692
MCT.f.0610	0.130036880252	-0.197321759354	0.024394342393
MCT.f.0611	-0.0152610831952	-0.214494228096	0.0523111694199
MCT.f.0598	-0.0799112074694	0.207497421854	0.191059479381
MCT.f.0599	-0.199958464693	0.108549491415	0.132405778661
MCT.f.0597	-0.0645350852776	0.189294904317	0.103005743796
MCT.f.0612	-0.179569746788	-0.139423961654	0.0421664394528

Biplot	0	0

Site constraints	0	0
