Eigvals	3
211.082639103	183.070439938	99.4090293333

Proportion explained	3
0.225651271061	0.194285889082	0.128938455768

Species	0	0

Site	16	3
MCT.f.0608	0.0865826069885	0.00423791236052	0.0362056860565
MCT.f.0609	-0.0438836399342	-0.250430140329	0.031700440739
MCT.f.0606	-0.0459552106705	0.0209633536301	0.0170574987315
MCT.f.0607	-0.0183213507725	-0.0171581394671	0.0131696610976
MCT.f.0604	0.0286668474766	0.0563135298786	-0.00314814552165
MCT.f.0605	0.0156416760317	0.07608444161	0.0130266287885
MCT.f.0602	-0.0685959196178	-0.0301699329063	-0.294826711366
MCT.f.0603	0.048682954039	0.0527178321787	-0.0512638166411
MCT.f.0600	-0.0692225452489	0.0877898579578	0.0060146530608
MCT.f.0601	-0.060930613996	0.060732490952	0.0341137257263
MCT.f.0610	0.118106977846	-0.0642947374344	-0.0255475242957
MCT.f.0611	0.0666867080032	-0.0919101098111	0.0962010300778
MCT.f.0598	-0.00140427948246	0.027732192624	0.0435172909581
MCT.f.0599	-0.117287699625	0.0421864202403	0.0539077753595
MCT.f.0597	-0.0327299745323	0.09823561916	0.018940583577
MCT.f.0612	0.0939634634953	-0.0730305906437	0.0109312236515

Biplot	0	0

Site constraints	0	0
