Eigvals	3
169.395683378	132.466072877	75.4462168651

Proportion explained	3
0.224051089777	0.159222422173	0.104924911841

Species	0	0

Site	16	3
MCT.f.0233	-0.0219756477466	0.0977941119609	-0.0379721078797
MCT.f.0232	0.0743693861116	0.0232757138369	-0.122690199222
MCT.f.0231	0.0308457533818	0.0632214904178	-0.0545962589149
MCT.f.0230	-0.00736657161185	0.0610711695948	0.014105657746
MCT.f.0228	0.0728433901825	0.0144000996245	0.0758834503168
MCT.f.0229	0.0575030096288	-0.0190590991765	-0.0204238738961
MCT.f.0235	0.0396010963071	-0.0469285910481	-0.0588213575199
MCT.f.0234	-0.0849635551736	0.0199069024312	-0.0337222159927
MCT.f.0224	-0.0212130356393	0.0248739044059	0.0573678062576
MCT.f.0225	-0.0662699097628	-0.0306634636243	0.0211274323702
MCT.f.0226	-0.0356988600488	-0.0372841965082	0.0404379650617
MCT.f.0227	0.00557826332231	-0.00838544942919	0.0653596407856
MCT.f.0222	-0.0772825830878	0.0281409372944	0.0324707057312
MCT.f.0223	0.0163130066813	-0.0222965407901	0.00434272439853
MCT.f.0238	-0.0194815227086	-0.0923568566483	0.0292031990587
MCT.f.0236	0.037197780164	-0.0757101323417	-0.0120725683008

Biplot	0	0

Site constraints	0	0
