Eigvals	3
200.698199836	70.4602277067	44.543711306

Proportion explained	3
0.316539848703	0.156785966758	0.121702681429

Species	0	0

Site	14	3
MCT.f.0527	0.111299841362	-0.156982609782	0.107305736658
MCT.f.0526	0.100953632569	-0.257836563272	0.130199089652
MCT.f.0525	0.0617464440039	-0.227968084407	0.13844645703
MCT.f.0524	-0.287016135337	-0.0676635312043	0.0208602507852
MCT.f.0523	-0.348147623485	0.00269502199478	-0.0878599605384
MCT.f.0522	-0.18024794513	0.0712307740005	-0.135555042028
MCT.f.0520	-0.115183131238	0.0162764318293	-0.0145094684216
MCT.f.0516	0.222853425168	0.0119653371567	-0.285442076132
MCT.f.0517	0.178653600817	-0.0575969773792	-0.222208738759
MCT.f.0514	0.143066466133	0.270814728158	0.122397067782
MCT.f.0515	0.170522238368	0.0938308547389	-0.0282488526061
MCT.f.0512	-0.0231463614697	0.0364381473188	0.136298764257
MCT.f.0513	0.0284905363912	0.264660679773	0.183932458871
MCT.f.0519	-0.0638449881519	0.000135791074262	-0.0656156865481

Biplot	0	0

Site constraints	0	0
