Eigvals	3
200.698199836	70.4602277067	44.543711306

Proportion explained	3
0.316539848703	0.156785966758	0.121702681429

Species	0	0

Site	14	3
MCT.f.0527	0.0986056933482	-0.129661145638	-0.020498941068
MCT.f.0526	0.0149340368052	-0.0885308128748	0.0474319216598
MCT.f.0525	-0.152300377684	0.004836020947	0.0038738023566
MCT.f.0524	-0.085284606879	-0.0519796408561	0.0606390630755
MCT.f.0523	0.0512763589624	-0.0585378256978	0.0282483919767
MCT.f.0522	-0.0498566070605	0.0545157342264	-0.118279308563
MCT.f.0520	-0.150453548546	0.000161419311758	0.0423829264167
MCT.f.0516	0.0890719896843	0.0346947003541	-0.0898043268741
MCT.f.0517	0.103877211339	0.0361245328083	-0.105948290605
MCT.f.0514	-0.0857648710913	0.0775269312902	0.0837715963004
MCT.f.0515	0.220599868785	-0.0317213287894	-0.0700301912771
MCT.f.0512	-0.0121722117215	0.0853456682386	0.128946772107
MCT.f.0513	0.0677398540878	0.101144718422	-0.0278744820798
MCT.f.0519	-0.11027279003	-0.0339189717423	0.0371410665737

Biplot	0	0

Site constraints	0	0
