Eigvals	3
189.158407112	134.601458583	103.457304034

Proportion explained	3
0.21694422642	0.164733249267	0.129933131506

Species	0	0

Site	14	3
sample11	-0.0750894458415	-0.033123103426	0.0296629759956
sample10	0.0240231254433	0.0749440388277	-0.119821343836
sample13	0.0149469776515	0.208265891793	-0.0268744013222
sample12	-0.00551030655595	0.0778923344387	-0.0753380433593
sample15	0.173807652354	-0.145479110981	0.0473780483715
sample14	0.153949889549	-0.0106325276902	0.0372801993154
sample5	-0.00162957955193	-0.00544025071351	0.189685406811
sample4	-0.0172089357012	0.127839635422	0.148702784501
sample7	-0.0154763056181	-0.0701208485755	-0.0350837537808
sample6	-0.153067881721	-0.129360623255	0.178623918811
sample1	0.000996243179529	-0.0420082244799	-0.12884104554
sample3	0.0409274250598	-0.0477740928087	-0.0778501983164
sample2	-0.0549108702512	-0.0440568724314	-0.129326589056
sample9	-0.0857579879967	0.0390537538797	-0.0381979585948

Biplot	0	0

Site constraints	0	0
