Eigvals	3
189.158407112	134.601458583	103.457304034

Proportion explained	3
0.21694422642	0.164733249267	0.129933131506

Species	0	0

Site	14	3
sample11	-0.0542227665506	0.033634356924	0.0861900187594
sample10	0.247248086536	0.0829971848908	-0.224088045168
sample13	0.105459227632	0.325688623081	0.0884381033093
sample12	-0.0814260648912	0.0818744884047	-0.0663827466446
sample15	0.24322506678	-0.153390362385	0.0426436960684
sample14	0.289790342352	-0.133422152639	0.126691080102
sample5	-0.107456449335	0.157788355493	-0.0794152839876
sample4	-0.2396558974	-0.0315182015028	0.117925808549
sample7	0.172087233061	0.00139095276663	-0.0453733356386
sample6	-0.0544078168151	-0.181485258474	0.277629139611
sample1	-0.169466082407	0.107486901464	0.0855358784004
sample3	-0.149548912332	-0.186581317388	-0.221790225052
sample2	-0.126168517366	-0.22309922551	-0.158603777767
sample9	-0.0754574492642	0.118635654875	-0.029400310541

Biplot	0	0

Site constraints	0	0
