Eigvals	3
121.21087813	73.3276993213	54.2215932243

Proportion explained	3
0.224055230128	0.150983973927	0.119877589068

Species	0	0

Site	14	3
sample11	-0.253716599765	0.00255638977403	0.222118664348
sample10	-0.147269376289	0.0318416429737	-0.164103016056
sample13	0.188911311013	0.124464731427	0.055520418416
sample12	-0.287026305701	-0.0410865524447	0.0942836960049
sample14	0.0874426200107	0.0959948813717	0.0422343985838
sample5	-0.109843033285	0.188560356799	0.117726083511
sample4	0.0552931653393	0.154021557224	-0.00871964038387
sample7	0.161950320642	-0.171661413567	0.0950199249326
sample6	0.237318320802	-0.129578854817	0.0171215916522
sample1	-0.00923533642154	0.14040575301	-0.135894587763
sample3	0.132866813384	0.198291187917	-0.0487813115132
sample2	-0.0259235539327	-0.116267251334	-0.350773574361
sample9	0.178871414301	-0.246555761637	0.125174937385
sample8	-0.209639760098	-0.230986666697	-0.0609275847566

Biplot	0	0

Site constraints	0	0
