Eigvals	3
121.21087813	73.3276993213	54.2215932243

Proportion explained	3
0.224055230128	0.150983973927	0.119877589068

Species	0	0

Site	14	3
sample11	-0.117451877297	0.089620116482	0.140521045512
sample10	-0.044590483454	0.0767463542578	0.0690006958876
sample13	-0.045814217794	0.0234033725679	0.0805151485435
sample12	-0.0964292789841	-0.0132007164518	0.0304115349031
sample14	-0.00900616009804	0.0355905074122	0.037112330325
sample5	0.105145961058	-0.0153180295743	0.0968179341881
sample4	0.0690072992112	-0.0264347834901	-0.136135104324
sample7	0.0690469610843	-0.0633484076864	-0.0422263468427
sample6	0.135941768602	-0.0736170660569	0.0642298727118
sample1	-0.0122520758925	0.0759169770236	-0.138976982277
sample3	-0.013510006065	0.0659799443305	-0.122206751867
sample2	0.0382796476695	0.0692208613377	-0.0661624132474
sample9	-0.0150665335898	-0.00299667593718	0.0955580810884
sample8	-0.0633010044504	-0.241562454215	-0.108459044601

Biplot	0	0

Site constraints	0	0
