Eigvals	3
281.334548139	133.681502276	60.8437624483

Proportion explained	3
0.380509012826	0.230312960031	0.133410367094

Species	0	0

Site	7	3
sample10	0.32951453464	0.0062915703631	0.135002971297
sample13	-0.154197079709	0.116052242689	0.250208827511
sample14	0.206396373608	-0.00889751876808	0.178410297123
sample4	0.266157610001	0.137298392556	-0.338396494329
sample6	-0.241124795167	0.0887821045447	-0.122471998345
sample1	-0.109225522064	-0.523080033124	-0.0677807115253
sample9	-0.29752112131	0.18355324174	-0.0349728917324

Biplot	0	0

Site constraints	0	0
