Eigvals	3
281.334548139	133.681502276	60.8437624483

Proportion explained	3
0.380509012826	0.230312960031	0.133410367094

Species	0	0

Site	7	3
sample10	0.177592042609	0.00909212055796	0.00726898832576
sample13	-0.266972544213	-0.0229092371198	0.278470049211
sample14	0.158573706063	-0.0339991074364	0.0597701588821
sample4	-0.075398796353	-0.086971456549	-0.0744248682024
sample6	-0.095791849797	0.0586705330589	-0.158478209798
sample1	0.0639657214834	-0.0859348837584	-0.0353208358842
sample9	0.0380317202078	0.162052031247	-0.0772852825344

Biplot	0	0

Site constraints	0	0
