Eigvals	3
130.777681288	78.0100087312	56.994289285

Proportion explained	3
0.243242892385	0.171899704595	0.128820344486

Species	0	0

Site	12	3
sample11	-0.151333433122	0.0569873995217	-0.0225678206754
sample10	-0.0802428597072	-0.00514692320897	-0.0868385270002
sample13	-0.0655942242274	0.00715053391209	-0.108226986629
sample12	-0.0665080844644	-0.0437516433126	0.0610920849055
sample14	0.130596035941	-0.123056950465	0.0991502997774
sample5	0.117776013483	0.128861885793	0.0691342755553
sample4	0.112132584759	0.0624617632289	0.060558009931
sample7	0.0296057046601	-0.0152716300426	-0.115181761593
sample6	-0.0122714109523	0.0786047623835	-0.0473739466145
sample1	-0.0460527306421	-0.118506526569	0.0505444697852
sample3	-0.0470134178325	0.00976041124876	0.0947944162932
sample2	0.0789058221046	-0.0380930824891	-0.0550845137357

Biplot	0	0

Site constraints	0	0
