Eigvals	3
130.777681288	78.0100087312	56.994289285

Proportion explained	3
0.243242892385	0.171899704595	0.128820344486

Species	0	0

Site	12	3
sample11	-0.262858067202	-0.141244037325	-0.0102881800022
sample10	-0.242595798676	0.212879551243	-0.157546471296
sample13	0.13065246073	-0.174748522134	-0.0676088552989
sample12	-0.125491497616	0.107451023108	0.130073886796
sample14	0.256452558568	-0.10057888308	0.0177841272229
sample5	0.148574393394	0.0592246856135	0.227972758124
sample4	-0.0291670449196	0.266335819357	-0.080849060633
sample7	0.170673018246	-0.0825912871537	-0.358557048136
sample6	0.260656340299	0.187028916572	0.0694644705985
sample1	-0.0886192546862	0.110405706765	0.0674712255471
sample3	-0.034424576832	-0.207028536999	0.149305832813
sample2	-0.183852531305	-0.237134435966	0.0127773142644

Biplot	0	0

Site constraints	0	0
