Eigvals	3
211.008733563	182.982570559	99.3567910773

Proportion explained	3
0.204031537483	0.169833017208	0.113666660881

Species	0	0

Site	16	3
sample11	0.124017260153	0.00147988196879	-0.137988908393
sample10	0.11078576711	0.125328814956	0.0878662139591
sample13	-0.103599102827	0.0594729791302	-0.0236842804971
sample12	0.214816564507	-0.045974503975	-0.0946504480433
sample15	0.244810433276	-0.0858351413598	-0.145843212743
sample14	0.223342360696	-0.169283838606	-0.0602302438307
sample16	-0.0674456584156	-0.108679919023	0.0826150249022
sample5	-0.218949720856	0.0356863387592	-0.0306259177818
sample4	-0.216063172299	-0.180646769684	0.00585118521164
sample7	0.110147615459	0.105659908896	0.227306178938
sample6	-0.15174642706	-0.261999035681	0.174113476475
sample1	-0.195732044483	0.0917833014109	-0.109756327024
sample3	0.0422960557676	-0.0860618868004	0.153723865261
sample2	-0.16755818709	0.0721225001965	-0.28643605229
sample9	0.0782678301737	0.158806422288	0.0404036520141
sample8	-0.0273895741123	0.288140947523	0.117335793842

Biplot	0	0

Site constraints	0	0
