Eigvals	3
211.008733563	182.982570559	99.3567910773

Proportion explained	3
0.204031537483	0.169833017208	0.113666660881

Species	0	0

Site	16	3
sample11	-0.0114053605195	-0.00797529725403	-0.021515715644
sample10	-0.0424541809705	0.019628699383	-0.0116199465869
sample13	0.0123635510511	-0.174922329945	-0.151306785753
sample12	0.0790539070943	0.0299446332784	-0.00810481984713
sample15	0.0862733324243	-0.0134746727055	-0.102348439242
sample14	0.113051495783	-0.0490105082092	0.0113035239726
sample16	0.0974506216326	-0.039573523192	-0.024664207105
sample5	-0.0612926122381	0.0563350323452	-0.00827536076633
sample4	-0.0767179625136	0.0615379781724	0.0238904617213
sample7	0.027204994752	0.0183197937757	0.0726609429223
sample6	-0.0861902239713	-0.177480730291	0.191552056859
sample1	-0.0452905654474	0.0794348241982	0.0263324223149
sample3	-0.105091727252	0.0468834014703	-0.0427573593066
sample2	-0.00180391537091	0.0423899081806	-0.0194282878758
sample9	0.000707837901288	0.0647629978948	0.0295697368928
sample8	0.0141408076451	0.0431997928981	0.0347117774442

Biplot	0	0

Site constraints	0	0
