Eigvals	3
113.15957912	102.961508618	72.9210411041

Proportion explained	3
0.199396818606	0.168055308076	0.126012551494

Species	0	0

Site	14	3
sample11	0.082868877862	0.0432365019381	-0.09685384651
sample13	-0.0534647821948	-0.0218683419581	-0.111613708503
sample12	-0.0360204854621	-0.00250425483723	-0.0633778975138
sample15	0.0892674253	-0.0994518976066	0.0597009820178
sample14	0.101145345529	-0.0978957027567	-0.0356489379466
sample17	0.087909407306	0.141410094476	-0.0202027778071
sample16	0.105184862841	0.08838310961	-0.00411101157076
sample5	-0.0669001822167	0.0942325462344	0.144941909614
sample4	-0.0560387728866	0.0478399627699	0.103046098009
sample1	-0.0629211182765	-0.101508089483	-0.00465654198338
sample3	-0.0421687239462	-0.0560768239172	0.0442278855045
sample2	-0.125947751808	0.0196048409641	-0.0547618853058
sample9	-0.0457057432261	-0.0354564919298	0.0418784876298
sample8	0.0227916411781	-0.0199454535037	-0.0025687556344

Biplot	0	0

Site constraints	0	0
