Eigvals	3
322.649890765	169.728445291	48.6684685266

Proportion explained	3
0.32831115468	0.197827220012	0.102915713572

Species	0	0

Site	11	3
sample11	-0.240381956469	-0.169261850537	-0.148771385598
sample12	0.240859457981	0.0146554618389	-0.132265455996
sample5	0.307994963584	-0.00764541707207	0.12485505381
sample4	-0.0248004223297	0.107904562238	0.104579249284
sample7	0.329408017756	-0.108838157122	-0.096723721966
sample6	-0.0678456908253	0.192431274019	-0.25726485373
sample1	-0.102269926917	0.366919477991	-0.0369546223889
sample3	-0.179105312926	-0.122501196362	0.0248524465469
sample2	-0.0173605618222	0.0448096877215	0.346119389447
sample9	-0.0630328510377	-0.268578478111	-0.0460537771357
sample8	-0.183465716994	-0.0498953646045	0.117627677728

Biplot	0	0

Site constraints	0	0
