Eigvals	3
322.649890765	169.728445291	48.6684685266

Proportion explained	3
0.32831115468	0.197827220012	0.102915713572

Species	0	0

Site	11	3
sample11	-0.192712416759	-0.149514267558	-0.154837616243
sample12	0.0530401666773	0.0173667993847	0.00816484804579
sample5	0.0304846973276	0.0309537148894	-0.00481329675949
sample4	0.112688966302	-0.0598084757221	0.0680547062505
sample7	0.0849109160751	-0.0391204019844	0.0541883523295
sample6	0.0441930606074	0.0062334754906	-0.0741527044695
sample1	-0.110599883096	0.113621135289	-0.0174420841834
sample3	-0.138606477946	0.121178012319	0.0105656796055
sample2	0.0422774772025	-0.017335195813	0.00369258271379
sample9	0.0192676874855	0.0483485634493	-0.0053415949891
sample8	0.0550558061233	-0.071923359744	0.1119211277

Biplot	0	0

Site constraints	0	0
