Eigvals	3
279.998706145	113.100272733	60.961048563

Proportion explained	3
0.331825158442	0.164603341183	0.109138321558

Species	0	0

Site	12	3
MCT.f.0586	-0.167035693925	0.20487110863	-0.00757000828224
MCT.f.0581	0.142385639686	0.058872177545	-0.315141103085
MCT.f.0580	0.127445633745	-0.126866614411	-0.0704249086703
MCT.f.0583	-0.170170447454	-0.0821708059836	-0.023020959388
MCT.f.0579	0.0474039871049	0.261660931416	-0.0597993935338
MCT.f.0585	-0.190936221532	0.210751396344	0.129469900182
MCT.f.0587	0.210976984281	0.067245625728	-0.010999422782
MCT.f.0595	0.290816210807	-0.0803355447281	0.000249290524295
MCT.f.0592	-0.345931058934	-0.174823844921	-0.0608527368874
MCT.f.0593	0.150968018407	-0.224809598306	0.130292233887
MCT.f.0590	0.111380729292	0.0463884243538	0.305659453463
MCT.f.0582	-0.207303781478	-0.160783255668	-0.0178623454279

Biplot	0	0

Site constraints	0	0
