Eigvals	3
279.998706145	113.100272733	60.961048563

Proportion explained	3
0.331825158442	0.164603341183	0.109138321558

Species	0	0

Site	12	3
MCT.f.0586	0.0249905348323	0.0327414256533	0.0662318677652
MCT.f.0581	0.0963054636763	0.0809212311354	-0.123060939778
MCT.f.0580	-0.0895864390471	0.0312899880293	-0.0849412260801
MCT.f.0583	-0.00385844120307	0.0424877615874	0.0271185516422
MCT.f.0579	-0.118528508192	-0.00896996912283	-0.107658234783
MCT.f.0585	-0.0353284487209	0.0480810286235	-0.0125559809542
MCT.f.0587	0.0313161030748	-0.00500129761635	0.0605649758533
MCT.f.0595	0.0161857202119	-0.109020420265	0.0403223928035
MCT.f.0592	0.0345284943476	-0.108172882689	0.0415245737647
MCT.f.0593	0.0470954998131	-0.0639644279071	0.0660537482433
MCT.f.0590	0.0424411338871	0.0051347551271	0.0876935244455
MCT.f.0582	-0.0455611126803	0.0544728074441	-0.0612932529224

Biplot	0	0

Site constraints	0	0
