Eigvals	3
95.2278470648	29.2491896005	25.7597323901

Proportion explained	3
0.405823332375	0.189935197265	0.16390007596

Species	0	0

Site	6	3
sample5	-0.0562745530953	-0.11196148962	-0.0764772515517
sample4	-0.0577102223449	0.189741625494	0.418897470966
sample7	0.503671525509	0.212195498918	-0.147349061929
sample6	0.14031974242	-0.421985220877	0.110973979669
sample1	-0.296844735896	0.19212256869	-0.112378659112
sample3	-0.233161756593	-0.0601129826045	-0.193666478043

Biplot	0	0

Site constraints	0	0
