Eigvals	3
95.2278470648	29.2491896005	25.7597323901

Proportion explained	3
0.405823332375	0.189935197265	0.16390007596

Species	0	0

Site	6	3
sample5	0.0971456204539	-0.245735450378	-0.0432629391097
sample4	-0.0124994629529	0.187273983556	-0.00478086633779
sample7	0.202086960143	0.209147720655	-0.00181778602901
sample6	-0.0713558992366	-0.203719478612	0.0276793313809
sample1	-0.0598852503971	0.154279481908	0.22022889122
sample3	-0.15549196801	-0.10124625713	-0.198046631124

Biplot	0	0

Site constraints	0	0
