Eigvals	3
54.8761304855	37.8304916492	34.0718960049

Proportion explained	3
0.23964685273	0.186271198694	0.164978559498

Species	0	0

Site	9	3
sample11	0.115496680569	-0.24131302669	0.00604996756067
sample10	0.309307339532	0.179124551306	0.13382212926
sample13	0.0114509243523	0.061848907147	-0.157802707528
sample4	0.126330783001	-0.211726818068	0.251012335995
sample7	-0.0696147934604	-0.196457140368	0.044451230386
sample3	0.115818214748	0.362829855864	0.00505178284819
sample2	0.0631562832639	-0.108572238885	-0.398283294017
sample9	-0.307047247596	0.102944620335	-0.0365224145822
sample8	-0.36489818441	0.0513212893584	0.152220970077

Biplot	0	0

Site constraints	0	0
