Eigvals	3
54.8761304855	37.8304916492	34.0718960049

Proportion explained	3
0.23964685273	0.186271198694	0.164978559498

Species	0	0

Site	9	3
sample11	0.0594676648278	-0.104168218515	-0.058126122207
sample10	-0.0189645397978	0.135228579986	-0.111575778581
sample13	0.0281764228716	-0.131692925612	-0.133666442745
sample4	0.0834092555837	-0.0214433416395	0.124737462378
sample7	-0.123635756913	-0.0597879663083	0.0853805411639
sample3	0.11984768943	0.013070505766	0.109068261531
sample2	0.0462878932654	0.0847287673106	-0.0120377639828
sample9	-0.080101622036	0.156097209741	-0.0661344867736
sample8	-0.114487007232	-0.0720326107291	0.0623543292169

Biplot	0	0

Site constraints	0	0
