Eigvals	3
107.503299912	101.213617096	51.6657127931

Proportion explained	3
0.23277080739	0.215401232489	0.133068109985

Species	0	0

Site	12	3
sample11	0.103155715058	0.151456753862	-0.189017346925
sample13	0.290398130275	-0.107956152068	0.0973609156859
sample12	0.122933914739	-0.0927594417328	-0.0155415429604
sample14	0.0976386283365	-0.112727154842	-0.114150861034
sample5	-0.200944897868	-0.380429329372	-0.225669180746
sample7	0.117594747343	-0.128953800764	0.246984536761
sample6	0.0153383398343	0.259014346673	-0.0670740624248
sample1	-0.352247616651	0.153767084251	0.0481123423847
sample3	-0.0486878014064	0.0212070530218	0.220474075308
sample2	-0.274327838728	-0.0349359101271	0.109243196681
sample9	0.0447913407297	0.113143376586	0.0528463023771
sample8	0.0843573383388	0.159173174512	-0.163568375107

Biplot	0	0

Site constraints	0	0
