Eigvals	3
107.503299912	101.213617096	51.6657127931

Proportion explained	3
0.23277080739	0.215401232489	0.133068109985

Species	0	0

Site	12	3
sample11	0.0840024254291	0.0500933843272	-0.0180244970857
sample13	0.0472985759167	0.0300417507853	0.12389716802
sample12	0.143959804108	-0.14687302323	-0.0385836007299
sample14	0.1165050625	0.0999341945317	-0.150005350217
sample5	-0.100223410862	-0.0724887284785	0.00996987801766
sample7	-0.0672754925075	-0.10353285555	0.0178384432562
sample6	-0.0732999567097	0.00674243929968	0.054328096024
sample1	-0.0424013824166	0.0562737446144	0.0669726595634
sample3	-0.0164937543204	0.0922902507162	0.0782796506189
sample2	-0.0754749828372	-0.0580404728464	-0.0254706183843
sample9	0.0467387163082	0.0914039859183	0.0548763963143
sample8	-0.0633356046089	-0.0458446700875	-0.174078225397

Biplot	0	0

Site constraints	0	0
