Eigvals	3
102.954174686	68.7159821637	56.3331058827

Proportion explained	3
0.197341512477	0.153411226297	0.126732756176

Species	0	0

Site	14	3
sample11	-0.00077304384953	0.265035193792	0.141260454992
sample10	-0.125221252566	0.168608761177	-0.218323307947
sample13	-0.0293223310994	-0.174712692625	0.228524121729
sample12	-0.127332382992	-0.188311399864	0.136111463695
sample15	0.223159724237	0.169392756401	0.0129954195466
sample14	0.219461118119	0.0394160479726	-0.209704638296
sample16	0.0890583329182	0.150841936672	0.248825085716
sample5	0.165161608402	-0.126866998071	-0.0109935794091
sample4	0.285695378596	-0.12594891734	-0.0578473900866
sample7	-0.136980719217	-0.197157396782	-0.0841327979233
sample6	-0.0365976824075	-0.162082303899	-0.0205676751604
sample3	-0.223019334318	0.159421622655	0.0611506287038
sample9	-0.0967102632335	-0.031825243097	-0.0863511987924
sample8	-0.206579152588	0.0541886330079	-0.140946586768

Biplot	0	0

Site constraints	0	0
