Eigvals	3
102.954174686	68.7159821637	56.3331058827

Proportion explained	3
0.197341512477	0.153411226297	0.126732756176

Species	0	0

Site	14	3
sample11	-0.0176685505527	0.0715930842006	-0.0381256310773
sample10	0.00542353046923	0.0808272511803	-0.0223724508856
sample13	-0.00785671483035	0.0548809698409	-0.0188043086572
sample12	0.0271692634156	0.0750499336962	0.0565956956206
sample15	-0.0429538329565	0.0133754815681	0.128589118571
sample14	0.0189240063819	0.0082900394411	-0.0660669636508
sample16	0.0430330399777	0.0095689125584	0.0902354629335
sample5	0.161479449426	-0.0616196467051	-0.0307555906736
sample4	0.0632635988996	0.00464011636102	-0.013245011972
sample7	-0.062081116222	-0.0929873189927	-0.115162300426
sample6	-0.0499825164802	-0.129588429442	0.0858026953501
sample3	0.0345772223297	0.0237185613417	0.0273005241714
sample9	-0.150088308864	-0.0565898248048	-0.0898548635644
sample8	-0.0232390709941	-0.00115913024355	0.00586362426064

Biplot	0	0

Site constraints	0	0
