Eigvals	3
255.984798115	150.650804716	102.195078957

Proportion explained	3
0.298468541683	0.212271819215	0.133740188393

Species	0	0

Site	15	3
MCT.f.0303	0.165629720509	-0.0925198648597	0.0346382914981
MCT.f.0302	0.00895710094715	0.0900464343156	0.0755890145032
MCT.f.0301	0.136571929039	-0.1250771175	-0.076708569609
MCT.f.0300	0.126429322779	-0.175607133819	0.0902464234887
MCT.f.0306	0.0573653542138	0.0833048698972	-0.140014746972
MCT.f.0305	0.0663369119038	0.0994282735635	0.0121133750452
MCT.f.0304	0.137943749675	-0.00724061215557	-0.0389162675909
MCT.f.0293	-0.0805663978911	0.0450595086855	0.0491152930621
MCT.f.0292	-0.0806912256569	0.0921635528072	0.132572379859
MCT.f.0295	-0.121172932634	0.0326921830477	0.109315750744
MCT.f.0294	-0.101348883336	0.0253722978266	-0.117111821053
MCT.f.0297	0.0058813302751	-0.0362636816497	0.0760815531174
MCT.f.0296	-0.193812713495	-0.0988684784672	-0.111584019781
MCT.f.0299	-0.0925229959152	0.0352470871939	-0.0854609345994
MCT.f.0298	-0.035000270414	0.0322626811136	-0.00987572171127

Biplot	0	0

Site constraints	0	0
