Eigvals	3
255.984798115	150.650804716	102.195078957

Proportion explained	3
0.298468541683	0.212271819215	0.133740188393

Species	0	0

Site	15	3
MCT.f.0303	0.224505139668	-0.00295827253767	0.192051712688
MCT.f.0302	0.209977387449	-0.15258890031	0.118905375761
MCT.f.0301	0.151615395802	-0.200557560266	-0.0310657431058
MCT.f.0300	0.0695324094497	-0.23801915227	-0.149966237395
MCT.f.0306	0.0555509347722	0.214800876191	-0.23574007776
MCT.f.0305	0.232931937764	0.185422190023	-0.114318998924
MCT.f.0304	0.243403476285	0.135260771114	0.0994555082996
MCT.f.0293	-0.138693946333	0.218915539836	0.0450057745107
MCT.f.0292	-0.128259891826	0.168070933968	0.0490448893407
MCT.f.0295	-0.20052273636	-0.0564888305345	-0.00315070243217
MCT.f.0294	-0.1574874209	0.133535506164	0.0470590140641
MCT.f.0297	-0.185060536429	-0.0656110901835	0.079230894181
MCT.f.0296	-0.175172549991	-0.103390097501	0.100241624297
MCT.f.0299	-0.0707809594043	-0.133480575651	-0.193831700908
MCT.f.0298	-0.131538639947	-0.102911338044	-0.00292133261709

Biplot	0	0

Site constraints	0	0
