Eigvals	3
200.235055343	62.9469984015	60.59721935

Proportion explained	3
0.328242470082	0.162497462176	0.134486309263

Species	0	0

Site	10	3
sample10	0.0684856230775	0.095995534497	-0.0309164672736
sample13	0.0472771680168	0.0114057602075	-0.108654843708
sample12	0.0381110347631	-0.082595785148	-0.14170623502
sample15	0.0338766797378	-0.0343639226229	-0.143931322447
sample5	-0.00226362283403	-0.057279697863	0.117197718351
sample7	0.0504687246936	0.022291254421	-0.020182676593
sample6	0.0527882378165	0.0589099619741	0.0264907530999
sample1	-0.245186150931	0.0500038679792	0.0897501354266
sample3	0.0118582207851	0.0527679594358	0.0649624839628
sample2	-0.0554159151258	-0.117134932881	0.1469904542

Biplot	0	0

Site constraints	0	0
