Eigvals	3
200.235055343	62.9469984015	60.59721935

Proportion explained	3
0.328242470082	0.162497462176	0.134486309263

Species	0	0

Site	10	3
sample10	0.295605992795	-0.138146754602	-0.00577570320398
sample13	-0.0743575077131	0.381662328891	-0.271001930074
sample12	0.0686150142278	-0.120751244438	-0.215988519009
sample15	0.137885293705	-0.0556038945998	-0.0752584284094
sample5	-0.0337580988925	-0.0924298941914	0.0702930429997
sample7	-0.315365073441	-0.323864475146	-0.0493332600654
sample6	0.222722167224	0.0925176012418	0.0586938103967
sample1	-0.282905242542	0.037569022492	0.0155228192187
sample3	-0.181392524619	0.190966920632	0.267649684179
sample2	0.162949979256	0.0280803897202	0.205198483967

Biplot	0	0

Site constraints	0	0
