Eigvals	3
131.111120619	63.9250823981	41.8679137046

Proportion explained	3
0.251032251263	0.156147195701	0.11201182767

Species	0	0

Site	13	3
sample11	0.0758208876533	0.143493921275	-0.0752365497301
sample10	-0.0299579125862	-0.00822955244802	0.0738569074873
sample13	0.0572043178742	-0.0192330119989	0.0570133073749
sample12	0.0772029092216	0.064971689711	0.0449653677121
sample14	0.0421995382699	0.0685388814795	-0.0559636140305
sample5	0.0118276561259	-0.0872943893841	-0.0270186605838
sample4	-0.102397923859	0.0814377154394	-0.182320630068
sample7	-0.0273311078407	-0.0663037490033	0.0939272060024
sample6	-0.026407897429	-0.0838095960038	0.0527729221925
sample3	0.0227520010285	-0.0482210403139	-0.0516401501358
sample2	0.00760716614845	-0.0979700152027	-0.036579593259
sample9	-0.0235803371674	0.000670991456117	0.0755732637996
sample8	-0.0849392974397	0.0519481549933	0.0306502232387

Biplot	0	0

Site constraints	0	0
