Eigvals	3
131.111120619	63.9250823981	41.8679137046

Proportion explained	3
0.251032251263	0.156147195701	0.11201182767

Species	0	0

Site	13	3
sample11	0.0845826679036	0.226899129424	-0.0709952832404
sample10	-0.0360075591387	0.0367276574693	0.0751647126826
sample13	0.258216592689	-0.188683093823	-0.126347509471
sample12	0.0750584067327	-0.100728130169	0.182056765927
sample14	0.289839726616	0.272809695014	-0.140126927383
sample5	-0.215489416902	-0.130537954359	-0.237237579316
sample4	-0.00149226176465	-0.150538005532	-0.148420136383
sample7	0.130394127995	-0.141346692468	0.218157238883
sample6	0.126974821803	-0.13391787075	0.102007217478
sample3	-0.158002236043	-0.0385292283093	0.0650041184236
sample2	-0.0678133667676	0.23489337219	0.00420723438801
sample9	-0.227179935064	0.173244962633	0.185795010997
sample8	-0.25908156806	-0.0602938413221	-0.109264862985

Biplot	0	0

Site constraints	0	0
