Eigvals	3
236.845693331	117.875651222	101.934892724

Proportion explained	3
0.435887173853	0.215461845348	0.127267384725

Species	0	0

Site	13	3
MCT.f.0303	0.244553964421	-0.0558456446285	0.0627513211481
MCT.f.0302	0.183967793818	-0.163768151096	0.05106361599
MCT.f.0301	0.107666781926	-0.198790308401	0.125537929256
MCT.f.0300	-0.0384413106956	-0.21709442785	-0.0414753603967
MCT.f.0306	0.2045737496	0.23522936094	-0.124997965686
MCT.f.0305	0.271939619073	0.172228689288	-0.0769236605909
MCT.f.0304	0.301765714218	0.0215578068612	0.00452157138487
MCT.f.0295	-0.229107549788	0.139322109462	0.116361258533
MCT.f.0294	-0.178951983113	0.206616791568	0.192762162772
MCT.f.0297	-0.24403957962	0.00785441121426	-0.0889122859851
MCT.f.0296	-0.230202896251	0.0571780376512	-0.0514145977424
MCT.f.0299	-0.179799374186	-0.12868837975	-0.0971927655113
MCT.f.0298	-0.213924929403	-0.0758002952588	-0.0720812231723

Biplot	0	0

Site constraints	0	0
