Eigvals	3
236.845693331	117.875651222	101.934892724

Proportion explained	3
0.435887173853	0.215461845348	0.127267384725

Species	0	0

Site	13	3
MCT.f.0303	0.123135213551	-0.135748455376	0.0259134045822
MCT.f.0302	0.0012129971254	0.0126646297531	-0.151930823829
MCT.f.0301	0.102682688304	-0.0779505927053	0.13070181675
MCT.f.0300	0.0521192728148	-0.222381897801	0.0302100084159
MCT.f.0306	0.0861298722399	0.137955224129	0.0327612597057
MCT.f.0305	0.0723797838078	0.0463818043739	-0.0972532518467
MCT.f.0304	0.13830640933	-0.0130096161032	0.0491370270543
MCT.f.0295	-0.139536095266	-0.0113944727118	-0.132178456903
MCT.f.0294	-0.0825761282913	0.127451858031	0.0552057323174
MCT.f.0297	-0.0221232963746	-0.0739653845696	-0.042750068589
MCT.f.0296	-0.209247049098	0.0591841991595	0.125644803891
MCT.f.0299	-0.0825333507629	0.109917576044	0.0158676024954
MCT.f.0298	-0.0399503173798	0.0408951277773	-0.041329054045

Biplot	0	0

Site constraints	0	0
