Eigvals	3
245.135788658	123.979706834	102.086156202

Proportion explained	3
0.362105803712	0.214931208805	0.131645125888

Species	0	0

Site	14	3
MCT.f.0303	0.251399797199	-0.0751305023243	0.0425153557135
MCT.f.0302	0.189217058826	-0.15381214398	0.0598055429096
MCT.f.0301	0.118767462165	-0.220260320581	0.123477251845
MCT.f.0300	0.0344866530758	-0.211823019449	0.0801977635773
MCT.f.0306	0.16816912774	0.222848491744	-0.0750769554978
MCT.f.0305	0.246533835128	0.177094822967	-0.126881037701
MCT.f.0304	0.252987835615	0.0994334420267	-0.0683133176807
MCT.f.0293	-0.132238540584	0.198050843085	0.195015919582
MCT.f.0295	-0.207136372947	0.0818367220835	0.0445190330884
MCT.f.0294	-0.168821749062	0.197269097017	0.148752117614
MCT.f.0297	-0.219673626823	-0.037467869558	-0.122338802344
MCT.f.0296	-0.226851736304	-0.0204369235814	-0.106944154477
MCT.f.0299	-0.133961704255	-0.148809394899	-0.0751239730589
MCT.f.0298	-0.172878039774	-0.108793244551	-0.11960474357

Biplot	0	0

Site constraints	0	0
