Eigvals	3
245.135788658	123.979706834	102.086156202

Proportion explained	3
0.362105803712	0.214931208805	0.131645125888

Species	0	0

Site	14	3
MCT.f.0303	0.143218799106	-0.124275596452	0.0340109722938
MCT.f.0302	0.0175841322533	0.0871079769382	0.109494144888
MCT.f.0301	0.112114618937	-0.135789011131	-0.0867870318319
MCT.f.0300	0.0846383775183	-0.206658157747	0.0806633789515
MCT.f.0306	0.0740620047205	0.100081425024	-0.116141605467
MCT.f.0305	0.0813320130998	0.0909681636985	0.0384956265388
MCT.f.0304	0.137304578881	-0.0285907243909	-0.0432485734353
MCT.f.0293	-0.079905298339	0.0609457355502	0.0675632161513
MCT.f.0295	-0.125938594038	0.0490033721644	0.129804703794
MCT.f.0294	-0.0982080825145	0.0694182868287	-0.105077142961
MCT.f.0297	-0.00882079739829	-0.0427188665455	0.0813621874082
MCT.f.0296	-0.215635552264	-0.0393320696852	-0.1238196892
MCT.f.0299	-0.0879783042468	0.0719942702735	-0.0734004642565
MCT.f.0298	-0.0337678957148	0.0478451954738	0.00708027712643

Biplot	0	0

Site constraints	0	0
