Eigvals	3
270.737751523	204.197452711	72.5060774589

Proportion explained	3
0.326699950475	0.211064111125	0.100606838272

Species	0	0

Site	14	3
MCT.f.0538	-0.0878653051779	0.027791060828	0.100052419036
MCT.f.0539	-0.0157695134116	0.0819343743675	0.105958505609
MCT.f.0529	-0.0884867663551	0.115453744456	0.0315765860411
MCT.f.0528	-0.122455504731	0.0560111103444	-0.00275413212151
MCT.f.0530	-0.0668028845527	0.184347291448	-0.0172598258401
MCT.f.0532	0.00694724866242	-0.133983805937	-0.0703865261147
MCT.f.0533	-0.0921238821211	-0.148988263786	-0.171842961239
MCT.f.0534	-0.0225921733496	-0.0066766686964	-0.155809135556
MCT.f.0535	0.0760420359555	-0.0805316203285	-0.021065058476
MCT.f.0536	0.0920305650229	0.0713607246751	-0.0323813198852
MCT.f.0541	0.0596824916715	-0.0812535570876	0.0595321470126
MCT.f.0540	0.0164875558618	0.00497132712682	0.0555827896596
MCT.f.0543	0.13460599054	-0.0373107283669	0.0372547805531
MCT.f.0544	0.110300141985	-0.0531249890426	0.0815417313206

Biplot	0	0

Site constraints	0	0
