Eigvals	3
454.659190686	82.6793244912	49.9278690891

Proportion explained	3
0.51215607951	0.189840214954	0.126711064773

Species	0	0

Site	6	3
MCT.f.0486	0.0690107313833	0.146743161923	-0.0118467122338
MCT.f.0481	0.10089122837	0.1436253734	0.153203391106
MCT.f.0482	-0.0175388942341	0.136534984406	0.0100496183962
MCT.f.0489	-0.0170876101576	-0.464864965498	-0.0290621110483
MCT.f.0477	0.0682564421823	0.0833839938481	-0.109682639245
MCT.f.0492	-0.203531897544	-0.0454225480794	-0.0126615469747

Biplot	0	0

Site constraints	0	0
