Eigvals	3
207.265326245	67.7385705517	62.2015139641

Proportion explained	3
0.304489350542	0.14621632408	0.130300499141

Species	0	0

Site	15	3
sample11	0.0824229170197	-0.0693267572076	-0.244621112162
sample10	-0.0523582025585	-0.05820676671	0.0193345046711
sample13	0.269965330912	-0.127365767627	0.134850712683
sample12	0.116089215181	-0.1001127268	0.258739339187
sample15	0.14398485855	-0.0196382032987	0.0177978290429
sample14	0.273110108557	0.372585910299	0.0658752003551
sample5	-0.109921804856	0.107038513488	0.143841088583
sample4	-0.169998290175	-0.020606280898	0.00400700338694
sample7	-0.191268266364	0.306830477045	-0.12517292945
sample6	-0.0713070915515	-0.0629176903301	0.0289313640387
sample1	-0.113568095578	-0.107974641704	-0.0702557630239
sample3	-0.149864227386	-0.0565440300077	0.00813780301417
sample2	-0.151878877269	-0.060589846084	0.00853112377666
sample9	-0.139762428402	-0.0236122703465	0.0261878240165
sample8	0.26435485392	-0.0795599198199	-0.276183988119

Biplot	0	0

Site constraints	0	0
