Eigvals	3
207.265326245	67.7385705517	62.2015139641

Proportion explained	3
0.304489350542	0.14621632408	0.130300499141

Species	0	0

Site	15	3
sample11	-0.00455991254983	-0.0489412203191	0.013054716504
sample10	0.0307172835995	0.0285887186517	-0.0390910997174
sample13	-0.0685940038667	-0.0709891531839	-0.00687028883967
sample12	0.0360434536422	0.0117262947604	0.0888813310816
sample15	0.0511342257435	-0.0310443830953	-0.0450278128477
sample14	0.026371677214	0.104079790146	-0.0293871326068
sample5	0.103305223105	-0.00453833121767	0.0267235879216
sample4	-0.0258609635173	-0.0695045308973	-0.0467132773106
sample7	0.031032853436	0.0585829986528	-0.0438049521919
sample6	-0.023241061749	-0.0262814334951	-0.00339050877332
sample1	-0.103615328985	-0.0460942984474	0.0349266180455
sample3	-0.130401426344	0.072526705988	-0.0262226923075
sample2	-0.0359370832263	-0.0830375482472	0.00425112533964
sample9	-0.0691953072712	-0.0112875592563	0.150907792622
sample8	0.182800370769	0.116213949961	-0.0782374069198

Biplot	0	0

Site constraints	0	0
