Eigvals	3
191.598938131	63.0358375171	36.9800454779

Proportion explained	3
0.320052860672	0.143610670559	0.105778937398

Species	0	0

Site	12	3
sample11	-0.0134875169316	-0.0409237642656	0.0927233985008
sample10	0.0487786329836	-0.0594184423059	-0.0176173911768
sample13	0.0455635515417	-0.0779959196712	0.0173322713589
sample12	-0.0528813510591	0.0751281300684	0.124109203682
sample14	0.15973639007	0.0226140487587	-0.0227515856403
sample4	-0.0079662373758	0.0163670791398	-0.143726922128
sample7	-0.0536174280489	0.0356993798706	0.136102604636
sample6	-0.0683111705445	-0.0776805038245	0.0769222647982
sample1	-0.0883566692731	-0.0192486106868	0.0764989970599
sample3	-0.0201251723736	0.0070239397313	-0.132446858533
sample2	0.128661225367	0.0273760849639	-0.17122940421
sample9	-0.0779942543556	0.0910585782214	-0.0359165783476

Biplot	0	0

Site constraints	0	0
