Eigvals	3
191.598938131	63.0358375171	36.9800454779

Proportion explained	3
0.320052860672	0.143610670559	0.105778937398

Species	0	0

Site	12	3
sample11	0.0300636518712	0.230699191902	-0.0634048495594
sample10	0.122152015023	-0.359107967047	-0.0808039955631
sample13	0.277165817623	-0.0531919715084	0.103651429764
sample12	0.243106067899	0.0532318619161	0.213515916543
sample14	0.158621228803	0.163791605573	0.0525264861157
sample4	-0.0346732437642	-0.114356699522	-0.14330826901
sample7	-0.276781611311	-0.00275858914712	0.0738676927758
sample6	-0.365430228859	-0.0112696159588	0.286330806533
sample1	-0.128027680561	-0.181400900235	-0.0976327671007
sample3	-0.101612814249	0.205295755748	-0.267023849299
sample2	-0.00283808227318	0.0476506432587	-0.115526612089
sample9	0.0782548797986	0.0214166850214	0.0378080108897

Biplot	0	0

Site constraints	0	0
