Eigvals	3
195.47583488	144.533220856	104.834995142

Proportion explained	3
0.219356537922	0.175980857954	0.136643481467

Species	0	0

Site	14	3
MCT.f.0053	-0.185438557544	0.0132959796556	0.171900042264
MCT.f.0068	-0.0197649317977	-0.0127441061514	0.18923727961
MCT.f.0058	0.018913127248	-0.147921457785	-0.20418576933
MCT.f.0057	-0.117345034515	0.0244737658213	-0.12883150989
MCT.f.0056	-0.151167338121	0.192382954479	-0.137726890887
MCT.f.0055	-0.218647668959	0.116720629233	-0.0730180681342
MCT.f.0054	-0.252009595913	0.0353565262536	0.0673549908779
MCT.f.0063	0.252665772499	-0.0206665200807	0.101075899648
MCT.f.0059	0.147160523917	-0.0375423816836	-0.259910481374
MCT.f.0061	0.251102559093	0.200866701241	0.107846255087
MCT.f.0066	0.012167205554	-0.258057051845	0.0142948794741
MCT.f.0067	-0.0170218854929	-0.100727925203	0.19924700098
MCT.f.0065	0.076633344467	-0.271426759026	-0.0236637597838
MCT.f.0060	0.202752479564	0.265989645091	-0.0236198685441

Biplot	0	0

Site constraints	0	0
