Eigvals	3
195.47583488	144.533220856	104.834995142

Proportion explained	3
0.219356537922	0.175980857954	0.136643481467

Species	0	0

Site	14	3
MCT.f.0053	-0.157862236733	-0.0040035704996	-0.0251933006362
MCT.f.0068	0.0297379585187	0.201634878197	0.289975864366
MCT.f.0058	-0.000762556543725	0.0111790717172	-0.179363645466
MCT.f.0057	-0.00710085061651	-0.0192258750158	-0.0764063493697
MCT.f.0056	-0.149458680403	0.0638887323745	-0.0730947273573
MCT.f.0055	-0.0728824458737	-0.0496991284741	0.0110713299866
MCT.f.0054	-0.115240564852	0.0242311769605	-0.0534168081069
MCT.f.0063	0.177194237496	-0.0735047924891	0.0542472261987
MCT.f.0059	0.0246627185492	0.190058151703	-0.104577655271
MCT.f.0061	0.134250792615	0.0115269682361	0.0346132487149
MCT.f.0066	0.0866837438181	-0.101084154898	0.101043374739
MCT.f.0067	-0.0178432721156	-0.0884387281521	0.0889704360222
MCT.f.0065	-0.0380952398965	-0.18661603135	-0.00144256649055
MCT.f.0060	0.106716396037	0.0200533016911	-0.0664264273296

Biplot	0	0

Site constraints	0	0
