Eigvals	3
299.850754316	151.602742268	103.230266551

Proportion explained	3
0.249794819625	0.146774847859	0.110752742285

Species	0	0

Site	16	3
sample11	0.14603719899	-0.0273619698303	-0.0601919948109
sample10	0.069178125961	-0.0924956441576	-0.145245040768
sample13	0.092751455881	-0.100875306766	-0.0696965615502
sample12	-0.0464947421221	-0.0622572014552	0.0406082898834
sample15	0.0108287923171	-0.066477741647	0.0680586589576
sample14	0.0930883843306	-0.0629466379932	0.00912292232729
sample16	0.0890003288565	0.0129168314525	0.101097396896
sample5	-0.113331214963	0.00663700206534	-0.01613752868
sample4	0.011050204649	0.105037226707	0.0458633974128
sample7	-0.018901766984	-0.0384760102071	-0.0501156759544
sample6	-0.00195699980852	0.17425999924	-0.0452818700775
sample1	-0.120672647999	0.0773857507692	0.0255534457227
sample3	-0.0752061502708	0.014735695057	0.00896938034459
sample2	-0.125991167679	-0.0345097246179	0.0187989657598
sample9	-0.000698493517566	0.0819219841827	0.0450506575455
sample8	-0.00868130764102	0.0125057472002	0.0235455569911

Biplot	0	0

Site constraints	0	0
