Eigvals	3
299.850754316	151.602742268	103.230266551

Proportion explained	3
0.249794819625	0.146774847859	0.110752742285

Species	0	0

Site	16	3
sample11	0.200097173208	-0.0601459409031	-0.113925553224
sample10	0.141952448563	0.179494851879	-0.00436245512741
sample13	0.0555556728344	-0.0952008557949	3.20015817314e-05
sample12	0.109666934358	-0.135511818797	-0.221548284492
sample15	-0.013295097765	-0.127274723674	0.157504733222
sample14	0.133135830242	-0.339429338269	-0.0144461828541
sample16	0.193090935402	0.0686996986224	0.142318639037
sample5	0.0929163976427	0.0374366789439	0.343187240607
sample4	-0.20587068943	0.0302729000758	-0.0278759208637
sample7	-0.115954588386	-0.0449745357013	-0.00221218792825
sample6	0.141581260289	0.199783710352	-0.174739224753
sample1	-0.232861666089	0.0783016089625	0.0330186151956
sample3	-0.270938106837	-0.129612038778	-0.0330560419149
sample2	-0.223593145381	0.0341819621677	0.00859361435103
sample9	0.108905543313	0.142065938534	0.005276478342
sample8	-0.114388901964	0.161911902382	-0.0977654711785

Biplot	0	0

Site constraints	0	0
