Eigvals	3
426.821128839	99.7441235353	90.8805893952

Proportion explained	3
0.386002543049	0.159822391785	0.136383385947

Species	0	0

Site	12	3
sample11	0.0197001938974	0.00122204363997	0.0324036646702
sample13	0.0175467342412	-0.0180769311022	0.00355867001192
sample14	0.0293020319387	-0.0136975005421	0.0395635278989
sample17	0.0133632780163	0.0128512919909	-0.0628281648757
sample16	-0.00848828084407	-0.0610447734356	-0.0379583982509
sample5	0.0347606461871	0.0136907351517	0.00188066454338
sample4	-0.167815023434	0.061130547208	-0.0468150326877
sample1	0.00303335295235	-0.000316932634195	0.0156778995515
sample3	0.0142276364296	-0.0116602471541	0.0134375782315
sample2	-0.0225410299782	-0.0369058088109	0.0328915382139
sample9	0.0434215767625	0.0222718234489	0.0209611577576
sample8	0.0234888838312	0.0305357522395	-0.0127731050647

Biplot	0	0

Site constraints	0	0
