Eigvals	3
426.821128839	99.7441235353	90.8805893952

Proportion explained	3
0.386002543049	0.159822391785	0.136383385947

Species	0	0

Site	12	3
sample11	-0.0888071654739	0.124919178413	-0.104475215098
sample13	0.346660283555	-0.0993752587065	0.0620922438909
sample14	0.416196436572	-0.00627723052937	-0.108389422516
sample17	0.130984511448	0.11736706506	-0.0503568526509
sample16	-0.146478295553	-0.0163112661687	-0.135448005671
sample5	-0.13391138324	-0.0625484608052	0.160791713513
sample4	-0.136956164367	0.0412175473521	-0.120817053349
sample1	-0.00973215106792	0.107135498244	0.371362672853
sample3	-0.108280953387	-0.481102915254	0.0128558853577
sample2	-0.0770741602687	0.12846696531	0.12172331632
sample9	-0.101354309361	0.0118157237666	-0.132139741329
sample8	-0.0912466488558	0.134693153318	-0.0771995413206

Biplot	0	0

Site constraints	0	0
