Eigvals	3
77.7774447175	70.5195817329	37.5724793881

Proportion explained	3
0.247835338287	0.215036619023	0.130239813857

Species	0	0

Site	12	3
MCT.f.0329	-0.180760036579	-0.172659491542	-0.0404987750274
MCT.f.0338	0.280640390007	-7.38133697544e-05	0.105599288498
MCT.f.0336	0.248933211843	0.0944608912071	-0.0212019008725
MCT.f.0330	-0.148125004502	-0.231234286462	-0.10296545892
MCT.f.0331	-0.038882940752	-0.222688956881	-0.0946312705882
MCT.f.0325	-0.18033497445	0.0269699936054	0.271068141761
MCT.f.0337	0.285027524802	0.0563261027299	0.0546995728365
MCT.f.0327	-0.167571750908	0.168474043644	-0.0413203100566
MCT.f.0326	-0.201387005424	0.161314488982	0.21533415532
MCT.f.0334	-0.109649038473	0.192608975502	-0.21563727979
MCT.f.0335	0.064331862314	0.193011620089	-0.176842227665
MCT.f.0340	0.147777762123	-0.266509567506	0.0463960645041

Biplot	0	0

Site constraints	0	0
