Eigvals	3
77.7774447175	70.5195817329	37.5724793881

Proportion explained	3
0.247835338287	0.215036619023	0.130239813857

Species	0	0

Site	12	3
MCT.f.0329	-0.0050106151732	0.0892715511354	-0.0495067863725
MCT.f.0338	0.0849496949071	-0.132929525847	0.0626241769478
MCT.f.0336	0.141901499143	0.0941393913757	-0.126069086532
MCT.f.0330	-0.0250513845276	-0.115791803019	-0.12920510499
MCT.f.0331	-0.0325442798973	-0.148089557011	-0.117063983749
MCT.f.0325	-0.173080696459	0.0293698482882	0.109539891729
MCT.f.0337	0.156327934263	0.0843540091772	-0.0767387185284
MCT.f.0327	-0.00375331700917	0.239932470345	0.0643277895184
MCT.f.0326	-0.165600386244	0.0602362606486	0.122422227246
MCT.f.0334	-0.0599470162559	-0.0533924525047	-0.0130629177989
MCT.f.0335	-0.0471029796763	-0.0679703371544	0.00697433915607
MCT.f.0340	0.128911546929	-0.0791298554346	0.145758173373

Biplot	0	0

Site constraints	0	0
