Eigvals	3
71.5694570423	40.758297418	36.4276439597

Proportion explained	3
0.368006684342	0.210655640677	0.141269958889

Species	0	0

Site	10	3
MCT.f.0329	-0.0547106457745	0.0579467336718	0.087522599518
MCT.f.0338	0.128758382043	-0.0688945256765	-0.117131347639
MCT.f.0330	-0.116474066381	-0.103133528276	-0.0975996459626
MCT.f.0331	-0.114903729917	-0.0897544572939	-0.142099846415
MCT.f.0336	-0.0216570610623	-0.0949981397851	0.180444734512
MCT.f.0337	0.0429411715955	-0.117210604837	0.175382758866
MCT.f.0334	-0.0677335915894	0.088960881383	-0.0991348358031
MCT.f.0335	-0.0370844715438	0.0725839135587	-0.109813819739
MCT.f.0327	0.0230908842217	0.234670534644	0.200395369964
MCT.f.0340	0.217773128407	0.0198291926115	-0.0779659673011

Biplot	0	0

Site constraints	0	0
