Eigvals	3
71.5694570423	40.758297418	36.4276439597

Proportion explained	3
0.368006684342	0.210655640677	0.141269958889

Species	0	0

Site	10	3
MCT.f.0329	-0.288555459009	-0.0719656408772	0.115941154006
MCT.f.0338	0.309250224168	-0.144205551813	0.0578889814006
MCT.f.0330	-0.28929814767	-0.176316049589	-0.0264323633718
MCT.f.0331	-0.280154867602	-0.126711385043	-0.169612434
MCT.f.0336	0.171444486441	0.126399849019	0.0200964538314
MCT.f.0337	0.259201359152	-0.0219844781006	0.0483393798494
MCT.f.0334	-0.0397421405762	0.242180468521	-0.173444853227
MCT.f.0335	0.0488289573734	0.286392796795	-0.0717994201282
MCT.f.0327	-0.151869356972	0.129181716792	0.268670689403
MCT.f.0340	0.260894944694	-0.242971725705	-0.0696475877624

Biplot	0	0

Site constraints	0	0
