Eigvals	3
110.067656307	105.07955385	52.3278378286

Proportion explained	3
0.199804663519	0.175494242845	0.11024307466

Species	0	0

Site	14	3
sample11	-0.224224041079	-0.0931623244526	0.0342701319406
sample13	0.177055001626	0.000978813847469	-0.0511946405458
sample12	0.109361430335	0.213656838998	-0.275569320325
sample15	-0.181445413669	0.0499747244583	0.0982618093228
sample14	0.0879467818721	-0.213472387898	-0.169214655715
sample16	0.0352717509264	0.278955870104	0.173505915026
sample5	-0.141064837758	-0.124109679629	0.168439092451
sample4	0.285515103662	-0.0767601780758	0.110628328991
sample7	-0.158734527047	-0.170443164769	-0.0240607513889
sample6	-0.109752940743	0.0118148097343	-0.141648846444
sample1	-0.0402356380815	0.212527315913	-0.0886083987722
sample3	0.339088961262	-0.135510452729	0.102212767071
sample9	-0.0404860049009	0.133167493591	0.171462072119
sample8	-0.138295626403	-0.0876176790928	-0.108483503729

Biplot	0	0

Site constraints	0	0
