Eigvals	3
110.067656307	105.07955385	52.3278378286

Proportion explained	3
0.199804663519	0.175494242845	0.11024307466

Species	0	0

Site	14	3
sample11	-0.074437635474	0.114047870985	-0.0431539613163
sample13	0.0530741590616	-0.0349125520094	-0.0348133443502
sample12	0.0928289562554	0.0438226266095	-0.0539445183001
sample15	-0.135299830388	0.112580719664	-0.005636949402
sample14	0.0226770917506	-0.0159870062548	-0.0802907814694
sample16	0.0960977686513	0.14584861343	0.0421777822828
sample5	-0.0128445834825	-0.200353075172	0.246424658598
sample4	0.15196757742	0.109836524902	0.0507259939529
sample7	-0.103862189408	-0.0813344056744	-0.07689283466
sample6	0.0446527550892	-0.0197118433172	-0.0401088491407
sample1	-0.0994274339962	0.0176244866036	0.0691213537189
sample3	0.145044075368	-0.0604737902109	0.0572632206184
sample9	-0.0249165617492	-0.084218369694	-0.0856029920442
sample8	-0.155554149098	-0.0467697998617	-0.0452687784878

Biplot	0	0

Site constraints	0	0
