Eigvals	3
161.882271506	119.077786431	74.6353580198

Proportion explained	3
0.231763592264	0.152445469511	0.110963810414

Species	0	0

Site	15	3
sample11	-0.123090129037	0.040175264903	-0.1372301331
sample10	-0.170934417432	0.0973744653572	0.126672714546
sample13	0.200170754069	0.176768834378	0.220567245537
sample12	-0.0179664883146	0.0189406008701	-0.0838429894426
sample14	0.375453912008	-0.0361619398499	0.0262490237407
sample16	-0.0504732200084	0.152341281459	0.172959458461
sample5	-0.0981465364019	-0.0950670664164	-0.0444596896594
sample4	-0.130136663684	-0.0674776072965	-0.0682434906622
sample7	0.264730699019	-0.121838658323	-0.138896310608
sample6	0.305860961319	0.0796344893646	-0.119063544075
sample1	-0.134240857134	0.13271475303	-0.0211405739897
sample3	-0.126784399334	-0.0889343610768	-0.0382597768707
sample2	-0.0478387890581	-0.2528241055	0.250633239823
sample9	-0.155154770952	0.176068044952	-0.139317561822
sample8	-0.091450055058	-0.211713995851	-0.00662761187887

Biplot	0	0

Site constraints	0	0
