Eigvals	3
161.882271506	119.077786431	74.6353580198

Proportion explained	3
0.231763592264	0.152445469511	0.110963810414

Species	0	0

Site	15	3
sample11	-0.1240288133	0.0264576358173	-0.10204021612
sample10	0.00444331880726	0.206661913571	-0.0467870591244
sample13	0.0345964505585	0.0956677294253	0.0528879789476
sample12	-0.141348992641	-0.0150101357085	0.0382236106454
sample14	0.0854860414797	0.0368319053422	0.0780022727596
sample16	0.0553995124186	-0.0517401932608	0.124317008508
sample5	0.0405004265367	-0.0912894936904	-0.00944790672478
sample4	-0.00173691296327	-0.0822220429781	0.0609850588733
sample7	0.062648907937	0.0566759208514	-0.00616885800545
sample6	0.111624740764	-0.0631820479219	-0.0846221220436
sample1	0.0313883406942	-0.000642347239222	0.01778423066
sample3	-0.0531564063071	-0.0757886266796	0.0767121586996
sample2	-0.0151765370808	-0.095904253905	-0.033828971709
sample9	-0.0438397722003	0.0836514859926	-0.0874261307752
sample8	-0.0468003047048	-0.0301674496165	-0.0785910545909

Biplot	0	0

Site constraints	0	0
