Eigvals	3
200.243226046	62.9817444324	60.5496489388

Proportion explained	3
0.379976511029	0.223861965334	0.132986214096

Species	0	0

Site	10	3
MCT.f.0586	-0.25960303661	-0.246499428181	0.0321932351228
MCT.f.0581	-0.171454586915	0.295445677272	0.0101747688773
MCT.f.0583	-0.0505547297598	0.270509681279	0.0701922279739
MCT.f.0585	-0.220407397215	-0.176801114299	0.00616386641333
MCT.f.0587	-0.145009535401	-0.230336995614	0.0724702136013
MCT.f.0595	0.29928807118	-0.0266895855647	0.0731387192239
MCT.f.0592	0.25528410889	-0.11178766821	-0.00350797661086
MCT.f.0593	0.306166264785	-0.0632538366204	0.0797050443937
MCT.f.0590	0.0445036104928	0.00690206235384	-0.386523124639
MCT.f.0582	-0.0582127694487	0.282511207585	0.0459930256433

Biplot	0	0

Site constraints	0	0
