Eigvals	3
200.243226046	62.9817444324	60.5496489388

Proportion explained	3
0.379976511029	0.223861965334	0.132986214096

Species	0	0

Site	10	3
MCT.f.0586	-0.0604910042896	-0.0727029325726	-0.0778289455618
MCT.f.0581	-0.110602650131	0.371038641993	-0.0495705750137
MCT.f.0583	-0.108919068936	-0.00803007310576	-0.0589606445637
MCT.f.0585	-0.153177337477	0.0172338684895	0.113735676382
MCT.f.0587	0.0166203796438	-0.0759774862159	-0.037307491274
MCT.f.0595	0.211745046168	-0.0686235765198	0.0116857778427
MCT.f.0592	0.220732233966	-0.0754425180707	0.0819518085123
MCT.f.0593	0.147179265854	-0.0828421584974	-0.0450182975961
MCT.f.0590	0.0102694764307	-0.102311108069	-0.146513044428
MCT.f.0582	-0.173356341228	0.0976573425684	0.207825735701

Biplot	0	0

Site constraints	0	0
