Eigvals	3
178.016206759	141.209837211	92.0870083344

Proportion explained	3
0.331491272899	0.252535137163	0.146698583591

Species	0	0

Site	12	3
MCT.f.0068	0.165804045507	0.153702958425	-0.0607933726594
MCT.f.0058	-0.184346865923	-0.00309155271526	-0.115180173255
MCT.f.0057	-0.234694957976	0.0959127094231	0.0255249818136
MCT.f.0056	-0.257181047666	0.122732755753	0.095673100039
MCT.f.0055	-0.234674738581	0.150413525349	0.182122616736
MCT.f.0063	0.149265894415	-0.284368969773	0.245614230952
MCT.f.0060	-0.0629575116698	-0.212255172081	-0.132374369582
MCT.f.0061	0.0132013882543	-0.307816694306	-0.0100973843005
MCT.f.0066	0.252520089688	0.144644283862	-0.0393854788942
MCT.f.0067	0.203508191237	0.155892590229	-0.0499670276278
MCT.f.0065	0.297215339121	0.065494886618	0.0549285107414
MCT.f.0059	-0.107659826407	-0.0812613207845	-0.196065633962

Biplot	0	0

Site constraints	0	0
