Eigvals	3
178.016206759	141.209837211	92.0870083344

Proportion explained	3
0.331491272899	0.252535137163	0.146698583591

Species	0	0

Site	12	3
MCT.f.0068	0.215099210858	0.128668543994	-0.285466033271
MCT.f.0058	-0.203167029004	-0.00102080172195	0.0404714465222
MCT.f.0057	-0.091677612091	0.0103130174197	0.0439036439123
MCT.f.0056	-0.157154848766	0.111635130986	-0.0340483204924
MCT.f.0055	-0.0151345925275	0.0739655517703	0.0554868560989
MCT.f.0063	0.132870676278	-0.147759163557	0.0494295121637
MCT.f.0060	-0.0371715243707	-0.131855764006	-0.0107621621328
MCT.f.0061	0.0762711396286	-0.130534118776	-0.0331734196828
MCT.f.0066	0.14536930106	-0.0345429710924	0.0729946545812
MCT.f.0067	0.0834149423505	0.0805416291971	0.0710968388318
MCT.f.0065	0.0130874669403	0.0917373792761	0.20156011873
MCT.f.0059	-0.161807130356	-0.0511484334887	-0.171493135261

Biplot	0	0

Site constraints	0	0
