Eigvals	3
76.5620917562	52.6450115293	39.0979495044

Proportion explained	3
0.312856675394	0.238476052679	0.142718738469

Species	0	0

Site	10	3
MCT.f.0037	-0.298519622231	0.0757297407387	0.0312907034488
MCT.f.0050	0.189255922006	0.169250436485	-0.160790385589
MCT.f.0048	0.168576405302	0.206731015942	0.227333747811
MCT.f.0049	0.284917342045	0.263460107405	-0.0754844842278
MCT.f.0044	0.0893805354564	-0.260355725458	0.0605229247163
MCT.f.0045	0.0529531519352	-0.16130338956	0.232108484259
MCT.f.0039	-0.287465102311	0.0877962783101	-0.0688811919295
MCT.f.0038	-0.330195758334	0.0907317989186	0.00432948251421
MCT.f.0042	0.0354106237064	-0.212997329368	-0.179940087306
MCT.f.0043	0.0956865024249	-0.259042933412	-0.0704891936958

Biplot	0	0

Site constraints	0	0
