Eigvals	3
76.5620917562	52.6450115293	39.0979495044

Proportion explained	3
0.312856675394	0.238476052679	0.142718738469

Species	0	0

Site	10	3
MCT.f.0037	-0.135075339704	-0.00172111818648	0.0657656199048
MCT.f.0050	0.084025637475	0.0902286815439	-0.0483758819121
MCT.f.0048	0.0295374148234	0.00774218907152	0.135635183976
MCT.f.0049	-0.00538667839669	-0.0193459977199	-0.0618829195957
MCT.f.0044	-0.0556698605101	-0.186932575875	-0.0543943573931
MCT.f.0045	0.0952504786085	0.0594578407394	-0.085137526094
MCT.f.0039	-0.0687520180211	0.0847649298102	-0.185014192854
MCT.f.0038	-0.0946049254575	0.0451934126983	0.100417438077
MCT.f.0042	0.0646787884209	-0.0696518299198	0.084258903741
MCT.f.0043	0.0859965027617	-0.00973553216186	0.0487277321497

Biplot	0	0

Site constraints	0	0
