Eigvals	3
281.441643792	133.686687395	60.8555447648

Proportion explained	3
0.419677220282	0.224262452359	0.132789762142

Species	0	0

Site	7	3
MCT.f.0095	0.0497505294758	-0.110169044624	0.0905832851875
MCT.f.0094	-0.00496051689353	-0.126724706499	-0.0904371759114
MCT.f.0091	-0.127475137167	-0.0256307934621	-0.101369424523
MCT.f.0089	-0.0990393454998	0.0601370742567	0.0104552658814
MCT.f.0099	0.073463314792	-0.0595972759825	0.112124895243
MCT.f.0098	0.144373091822	0.273497021607	-0.109274472266
MCT.f.0417	-0.0361119365294	-0.011512275296	0.0879176263893

Biplot	0	0

Site constraints	0	0
