Eigvals	3
281.441643792	133.686687395	60.8555447648

Proportion explained	3
0.419677220282	0.224262452359	0.132789762142

Species	0	0

Site	7	3
MCT.f.0095	0.192451411201	0.115375089406	0.321877554952
MCT.f.0094	0.160731781362	-0.0932704254788	-0.25532103156
MCT.f.0091	-0.345633831823	-0.145180736058	-0.0768304225425
MCT.f.0089	-0.323528631437	0.403164941537	-0.0511137652922
MCT.f.0099	0.298833891742	0.0325372095688	-0.141468688758
MCT.f.0098	0.234378291299	-0.0101690215048	0.0494743480555
MCT.f.0417	-0.217232912343	-0.30245705747	0.153382005146

Biplot	0	0

Site constraints	0	0
