Eigvals	3
202.554004225	108.124489788	72.8137040475

Proportion explained	3
0.420300458624	0.214799959564	0.124282456446

Species	0	0

Site	14	3
MCT.f.0107	-0.198479724882	0.023037679063	0.151986846542
MCT.f.0106	-0.100701015672	0.0688258051938	-0.0169252252445
MCT.f.0112	-0.0147697494203	0.0562428422076	-0.00387498341061
MCT.f.0113	0.034852394618	-0.123789937195	-0.132151585184
MCT.f.0110	-0.0203994401913	-0.0190914644992	-0.261171429945
MCT.f.0111	0.0163485702073	-0.21555100651	0.00199255195457
MCT.f.0116	0.0367758217044	0.0172268478981	0.00884142459063
MCT.f.0117	0.131904151064	0.00299793678362	0.0462996314517
MCT.f.0114	0.115921861453	-0.180086650597	0.0355778694938
MCT.f.0115	0.00551073182735	0.0865316047546	0.0474116717546
MCT.f.0109	-0.110034153089	-0.00926054161958	0.115283607554
MCT.f.0108	-0.196883945207	0.0766305464258	0.138261915164
MCT.f.0118	0.14133015375	0.0959794141623	-0.0663377212187
MCT.f.0119	0.158624343837	0.120306923932	-0.0651945735033

Biplot	0	0

Site constraints	0	0
