Eigvals	3
202.554004225	108.124489788	72.8137040475

Proportion explained	3
0.420300458624	0.214799959564	0.124282456446

Species	0	0

Site	14	3
MCT.f.0107	-0.260399352013	0.0947667030154	0.0869609774597
MCT.f.0106	-0.214917946364	0.0858110813264	0.0228936165267
MCT.f.0112	-0.0381398452768	-0.158426815179	-0.186607993217
MCT.f.0113	0.0842367603644	-0.208488585607	-0.0662044056171
MCT.f.0110	-0.212790695245	0.00381952241987	-0.0119480179747
MCT.f.0111	-0.102533118241	-0.120140177641	-0.12803108009
MCT.f.0116	0.273161013296	0.0120256840653	0.114679021333
MCT.f.0117	0.24811538564	0.111900892715	0.0938871044697
MCT.f.0114	0.149144540358	-0.20184980456	0.0611577709016
MCT.f.0115	0.184075752198	-0.147947609078	0.127463054134
MCT.f.0109	-0.244223625313	0.0110965985708	0.0429476467116
MCT.f.0108	-0.256914802809	0.0623126496736	0.080200098384
MCT.f.0118	0.212452379653	0.201577487564	-0.0986357414709
MCT.f.0119	0.178733553751	0.253542372715	-0.138762051551

Biplot	0	0

Site constraints	0	0
