Eigvals	3
99.8227421733	48.1755985012	39.4360133786

Proportion explained	3
0.284683610142	0.165262844599	0.138118161608

Species	0	0

Site	10	3
sample11	0.02860723715	0.0327776888333	-0.0697276227887
sample10	-0.100019300136	-0.114560565741	-0.0910838933453
sample13	0.0146355734443	-0.326469400125	-0.103538316263
sample14	0.0051447812372	-0.0234507120317	0.0510678374871
sample4	0.188352859481	0.215783719125	-0.0572705920447
sample6	0.153717684167	-0.02150508041	0.183301200693
sample1	-0.133632454467	0.131672593115	0.0472765690574
sample3	-0.130116247557	-0.0075562987835	0.0898512271341
sample2	-0.0308032270949	0.0851991491686	0.0724113519843
sample9	0.00411309377542	0.0281089068504	-0.122287761914

Biplot	0	0

Site constraints	0	0
