Eigvals	3
99.8227421733	48.1755985012	39.4360133786

Proportion explained	3
0.284683610142	0.165262844599	0.138118161608

Species	0	0

Site	10	3
sample11	0.192483698842	0.0136076881473	-0.130753548856
sample10	-0.1788359411	0.0566268564558	-0.0206402582466
sample13	0.130565157186	-0.377625284598	0.142809054007
sample14	0.0278932473826	-0.14686577118	-0.38427585863
sample4	0.283787151129	0.218111535402	0.0568093972772
sample6	0.134291754959	-0.134339441296	0.129938629404
sample1	-0.372250168769	-0.0702259118321	0.0898718443278
sample3	-0.208386797362	0.0716585041514	0.138877114044
sample2	0.158334229966	0.20783958444	0.118242853641
sample9	-0.167882332234	0.161212240309	-0.140879226968

Biplot	0	0

Site constraints	0	0
