Eigvals	3
95.5823135997	54.826181793	27.196355033

Proportion explained	3
0.397004330636	0.240599078334	0.167165496521

Species	0	0

Site	6	3
MCT.f.0069	-0.397336281945	-0.156565213927	-0.138555722085
MCT.f.0071	0.0631491598394	0.0284396328987	0.146132986657
MCT.f.0070	-0.00154130074825	0.0741517322018	0.157422428663
MCT.f.0072	0.21661005807	-0.132919154779	-0.119943997916
MCT.f.0075	0.128398302392	-0.100574819135	0.0367571040569
MCT.f.0074	-0.00927993760849	0.28746782274	-0.0818127993762

Biplot	0	0

Site constraints	0	0
