Eigvals	3
95.5823135997	54.826181793	27.196355033

Proportion explained	3
0.397004330636	0.240599078334	0.167165496521

Species	0	0

Site	6	3
MCT.f.0069	-0.230425623767	-0.179166452247	-0.0112409957047
MCT.f.0071	-0.236397561398	0.0873270245788	0.165679201851
MCT.f.0070	-0.247917358315	0.0182684451712	0.136827496331
MCT.f.0072	0.0361710530782	-0.166522868435	-0.402368991486
MCT.f.0075	0.487016622814	-0.189799724424	0.215829565192
MCT.f.0074	0.191552867589	0.429893575356	-0.104726276183

Biplot	0	0

Site constraints	0	0
