Eigvals	3
424.720685186	87.9103662888	44.6153982634

Proportion explained	3
0.488496288917	0.217228426745	0.0983743304633

Species	0	0

Site	9	3
MCT.f.0475	0.0507883556064	-0.0832433380218	-0.139455123824
MCT.f.0467	0.0186218291023	0.0721437461536	0.0164531593064
MCT.f.0464	0.0474269258478	0.0142341214432	0.0455142754909
MCT.f.0462	0.00826854317023	-0.0776378823652	0.074591879714
MCT.f.0463	-0.373327983246	0.0349008735785	-0.148884965284
MCT.f.0473	0.0628169038956	-0.0470926219073	0.0776078918556
MCT.f.0472	0.0569725707973	-0.0248899524867	-0.0142628835602
MCT.f.0468	0.0709460905782	0.0652847440664	0.062664216222
MCT.f.0470	0.0574867642482	0.0463003095392	0.0257715500785

Biplot	0	0

Site constraints	0	0
