Eigvals	3
424.720685186	87.9103662888	44.6153982634

Proportion explained	3
0.488496288917	0.217228426745	0.0983743304633

Species	0	0

Site	9	3
MCT.f.0475	0.186629229061	-0.0755401503711	-0.111563147616
MCT.f.0467	0.164649460481	0.30736456541	-0.184312497185
MCT.f.0464	-0.209585063067	-0.0353518555909	-0.0457024370426
MCT.f.0462	-0.363834843678	-0.080133657162	-0.0411378893943
MCT.f.0463	-0.333409144443	-0.0183964290329	-0.0046001412029
MCT.f.0473	0.228932076536	-0.306494210025	-0.0782091596222
MCT.f.0472	0.179891114681	-0.25867321363	0.143786350764
MCT.f.0468	0.0969500626413	0.301755041589	0.023566215906
MCT.f.0470	0.0497771077884	0.165469908813	0.298172705393

Biplot	0	0

Site constraints	0	0
