Eigvals	3
106.634849319	61.7526361243	58.9053932496

Proportion explained	3
0.277496079387	0.150237032773	0.141694209161

Species	0	0

Site	14	3
MCT.f.0365	-0.0292693869867	-0.0618968366654	0.15631738197
MCT.f.0364	-0.0610026753624	-0.0544911671042	0.0938110364835
MCT.f.0374	0.0548639953311	-0.105358380553	-0.027085825953
MCT.f.0366	-0.0370635708048	-0.083372873346	0.0562368850671
MCT.f.0361	-0.011892327626	0.189592478494	-0.0967493318902
MCT.f.0360	-0.120469513714	0.0253196293347	-0.0331192195611
MCT.f.0363	-0.143965343573	0.128619872538	-0.079434828084
MCT.f.0362	-0.141665779653	-0.013844118862	0.0222737742081
MCT.f.0371	0.185220715826	0.0582338294003	0.0402819395016
MCT.f.0369	0.127373426056	-0.118464433075	-0.17206494108
MCT.f.0368	-0.0799281323747	-0.0983783528877	-0.10647744444
MCT.f.0359	-0.0775028333603	0.0705198955761	0.0798565947257
MCT.f.0372	0.099754328566	0.0795275260289	0.0854100984606
MCT.f.0370	0.235547097676	-0.0160070688791	-0.0192561194083

Biplot	0	0

Site constraints	0	0
