Eigvals	3
106.634849319	61.7526361243	58.9053932496

Proportion explained	3
0.277496079387	0.150237032773	0.141694209161

Species	0	0

Site	14	3
MCT.f.0365	-0.182487806141	-0.192396246042	0.0559331815224
MCT.f.0364	-0.204253476433	-0.101072692884	-0.052020264601
MCT.f.0374	0.127179271444	0.110758974126	-0.00139124490237
MCT.f.0366	-0.111042798942	-0.157228994868	0.0506055725742
MCT.f.0361	-0.156371623074	0.100420338858	0.00536680605223
MCT.f.0360	-0.0884821936174	0.105714236792	0.259571718933
MCT.f.0363	-0.215491989702	0.104410801938	-0.220590453731
MCT.f.0362	-0.176609770723	0.171124257683	-0.192998474666
MCT.f.0371	0.345958760249	0.0496021072199	-0.045570864173
MCT.f.0369	0.127402299149	-0.176203546941	-0.0517345361604
MCT.f.0368	0.0571618575346	-0.229908192254	0.00220368364924
MCT.f.0359	-0.0667600854051	0.146770960849	0.249001025128
MCT.f.0372	0.2896803307	0.0400889302727	0.0352165945364
MCT.f.0370	0.254117224961	0.0279190652499	-0.0935927441604

Biplot	0	0

Site constraints	0	0
