Eigvals	3
107.398251312	105.080465495	51.3149141947

Proportion explained	3
0.297639656703	0.242874858874	0.160180529678

Species	0	0

Site	13	3
MCT.f.0318	0.110387903851	0.0247233860744	-0.0957137765784
MCT.f.0319	0.0590063698025	0.0295325125236	0.0591552029416
MCT.f.0314	-0.0236311517858	-0.139086851297	-0.0584069724639
MCT.f.0315	-0.0120754309652	-0.0973007989835	-0.127780948005
MCT.f.0316	-0.0229144661761	-0.0961329549399	-0.0171750685145
MCT.f.0322	0.0915514220835	0.013681008892	-0.132423626071
MCT.f.0310	-0.0789749564189	0.0154594008296	0.157138201242
MCT.f.0311	0.0550242904119	0.133376894131	0.102929657572
MCT.f.0312	-0.285684275942	0.103597401058	-0.0681629094847
MCT.f.0313	0.00353484351998	-0.0386685350222	0.0560392588521
MCT.f.0321	0.0257609175972	-0.0386670036843	0.00541240747279
MCT.f.0320	-0.0110282512594	-0.0315116685107	0.0563608364311
MCT.f.0323	0.0890427852817	0.12099720893	0.0626277366073

Biplot	0	0

Site constraints	0	0
