Eigvals	3
107.398251312	105.080465495	51.3149141947

Proportion explained	3
0.297639656703	0.242874858874	0.160180529678

Species	0	0

Site	13	3
MCT.f.0318	0.147468312	-0.21993055318	0.0755213352097
MCT.f.0319	0.23394813514	-0.0963300096173	0.197341098196
MCT.f.0314	-0.189084982446	-0.0993982800499	-0.0999770231731
MCT.f.0315	-0.064888751042	-0.196622830734	-0.18351079785
MCT.f.0316	-0.00836477726908	-0.240634871533	-0.13641368892
MCT.f.0322	0.161174058814	0.228551886734	-0.150730365572
MCT.f.0310	-0.167000728037	0.100352475785	0.18174185007
MCT.f.0311	-0.231724787708	0.103639134841	0.160640282868
MCT.f.0312	-0.215201012182	0.0886097678443	0.0594345838843
MCT.f.0313	-0.228093528697	0.00463998464644	-0.0271286054121
MCT.f.0321	0.206853969325	0.124370117431	-0.0227192933407
MCT.f.0320	0.24615435482	-0.0168106317586	0.144171547982
MCT.f.0323	0.108759737283	0.219563809592	-0.198370923941

Biplot	0	0

Site constraints	0	0
