Eigvals	3
106.043156328	83.290463214	59.679016965

Proportion explained	3
0.31377756299	0.257335944695	0.173315106379

Species	0	0

Site	11	3
MCT.f.0459	0.11329380373	0.142310481277	0.146181695263
MCT.f.0458	0.108340005492	0.117047358247	0.053523683007
MCT.f.0457	0.0247734590771	0.0402302065706	-0.20010774973
MCT.f.0456	0.116089952723	-0.0501044996905	-0.159156906081
MCT.f.0455	0.0119298175583	-0.194160511188	0.0488702936481
MCT.f.0454	-0.0141213368929	-0.140375798835	0.0420839481045
MCT.f.0453	0.15367303322	-0.0470128481096	0.0891491156281
MCT.f.0451	-0.114921441571	-0.0509958864447	-0.0608402092573
MCT.f.0450	0.00638389749359	-0.00337186112166	-0.0692139731102
MCT.f.0446	-0.173845717824	0.0741598672931	0.0200085711008
MCT.f.0447	-0.231595473006	0.112273492001	0.089501531428

Biplot	0	0

Site constraints	0	0
