Eigvals	3
106.043156328	83.290463214	59.679016965

Proportion explained	3
0.31377756299	0.257335944695	0.173315106379

Species	0	0

Site	11	3
MCT.f.0459	0.135806465891	0.31223716458	-0.058926554632
MCT.f.0458	0.22295065771	0.244733550493	0.014010304539
MCT.f.0457	0.274445910226	0.0150972373228	0.0362406395137
MCT.f.0456	0.207361339598	-0.12093198215	0.0519888066715
MCT.f.0455	0.121149124682	-0.229712382707	0.0454529322081
MCT.f.0454	0.030241743552	-0.266474904487	0.0021762531587
MCT.f.0453	-0.0959699559767	-0.197271730736	-0.0466671635941
MCT.f.0451	-0.170567040677	0.00446856593565	-0.279508516621
MCT.f.0450	-0.202126865551	0.0662163813604	-0.202620159319
MCT.f.0446	-0.26062902955	0.0742813876982	0.235621669223
MCT.f.0447	-0.262662349903	0.0973567126904	0.202231788853

Biplot	0	0

Site constraints	0	0
