Eigvals	3
161.320556954	91.4054121727	62.67416269

Proportion explained	3
0.25361107527	0.163494535281	0.130803153778

Species	0	0

Site	11	3
sample11	0.0725528853797	-0.0253328074326	0.0604085407215
sample10	-0.0104298680999	0.0207925625232	0.100724199664
sample13	0.108678383776	-0.0714490643653	-0.0450662091721
sample15	0.0627930500021	-0.0751408700023	0.000602354233954
sample14	0.0907251271018	-0.0876239150292	-0.101887548923
sample16	0.0102037310014	-0.0423747105542	-0.10940795653
sample4	0.00468763218495	0.119033562694	0.0490579106098
sample6	-0.137577226057	0.173851923635	-0.0650489828743
sample1	-0.0178480261268	0.0956030408975	0.0408940992082
sample9	-0.201962409826	-0.119017683928	0.0312591497772
sample8	0.0181767206645	0.0116579615624	0.0384644432848

Biplot	0	0

Site constraints	0	0
