Eigvals	3
161.320556954	91.4054121727	62.67416269

Proportion explained	3
0.25361107527	0.163494535281	0.130803153778

Species	0	0

Site	11	3
sample11	0.0742863450771	-0.327372725509	-0.0525207959233
sample10	-0.043181486451	0.153045723067	-0.127129108111
sample13	0.116108193288	-0.245491642955	0.102445819239
sample15	0.326754593482	0.00361826673143	-0.0548227328094
sample14	-0.195789075385	-0.0831484928473	-0.140228691547
sample16	0.241795530289	0.10040816209	-0.240752835467
sample4	0.0415483833846	0.295278516233	0.0422849463805
sample6	-0.263182894717	-0.0503417798935	-0.0172493167012
sample1	-0.125085776798	0.109558362738	0.044093299098
sample9	-0.257945172267	-0.00617024969373	0.00929689125512
sample8	0.0846913600976	0.0506158600379	0.434582524586

Biplot	0	0

Site constraints	0	0
