Eigvals	3
200.263413361	171.223707629	99.3026205767

Proportion explained	3
0.210224680837	0.178043042767	0.1212266724

Species	0	0

Site	14	3
sample11	0.108923151625	0.0133703448223	0.188735782881
sample10	0.173402877664	-0.0691946065634	-0.0805724174571
sample13	-0.0935227333837	-0.0634624121177	-0.0686967202554
sample12	0.178408970518	0.0348567246656	0.0504114167652
sample14	0.154766654451	0.179705612082	0.0738869609742
sample5	-0.22129446868	-0.100055808374	0.115231937215
sample4	-0.235099492623	0.178839321326	-0.197906834726
sample7	0.207901714945	-0.012681983794	-0.0539130205235
sample6	-0.145803152119	0.304994439503	-0.1724880058
sample1	-0.197453681794	-0.117732661069	0.149164934771
sample3	0.102326883255	0.182593122122	0.207337023942
sample2	-0.220510874908	-0.1363089655	0.130443799304
sample9	0.120190229962	-0.145769783501	-0.157487393415
sample8	0.067763921087	-0.249153343602	-0.184147463675

Biplot	0	0

Site constraints	0	0
