Eigvals	3
200.263413361	171.223707629	99.3026205767

Proportion explained	3
0.210224680837	0.178043042767	0.1212266724

Species	0	0

Site	14	3
sample11	0.0694924620556	0.106770011857	0.166644070434
sample10	0.0674647129162	-0.0196477992806	-0.0369819508144
sample13	0.110205821926	-0.00852623156993	0.0443495891116
sample12	0.0806967495911	0.0574321696884	-0.0404922907406
sample14	0.0869052144976	0.0392875915622	-0.00890259342517
sample5	-0.0136168280372	-0.00178113008208	-0.0748833482332
sample4	-0.165485350936	0.180707644545	-0.0541861874574
sample7	-0.0127578950266	-0.0538901443107	-0.0461682848572
sample6	-0.00225068432212	-0.0276715889391	-0.0469378126899
sample1	-0.0657761766997	-0.0811263380999	0.058115149224
sample3	-0.0453757111093	-0.0705125367086	0.0109765412546
sample2	-0.0726239401045	-0.0726789058657	-0.00910847281801
sample9	-0.00383564074731	-0.0105035734965	0.021065361283
sample8	-0.0330427340037	-0.0378591692993	0.0165102297286

Biplot	0	0

Site constraints	0	0
