Eigvals	3
216.9077482	104.284511331	62.5664892113

Proportion explained	3
0.285693157175	0.158023100798	0.117636946516

Species	0	0

Site	17	3
sample11	-0.00432964428059	-0.00739257999639	-0.149822690652
sample10	0.0489490936237	0.160354064472	0.12530677767
sample13	0.0385964608326	-0.0309378137093	-0.0176127092481
sample12	0.0205144346026	0.0283499255704	0.0390752763875
sample15	0.0191488160859	-0.0848068363022	-0.021118639949
sample14	0.0409627168873	0.0497944699938	-0.0643972388442
sample17	0.061833483717	-0.00285972389233	0.0473131893456
sample16	-0.0244213199097	0.080356099179	0.0381951505715
sample5	-0.113990905933	-0.0229522996752	-0.00753631421801
sample4	0.024709019428	-0.0722964177243	-0.0183182358978
sample7	0.0852105728926	0.0596903351656	0.00267474311793
sample6	0.0226947838315	-0.0698070833613	0.0262382995346
sample1	-0.114709770331	-0.0359569964378	-0.01369449714
sample3	-0.0313344082787	-0.0756663056454	-0.0599091453355
sample2	-0.0849502382804	0.00474850796359	0.0324534975355
sample9	-0.000848070511807	0.0483141000936	0.0487250218038
sample8	0.011964975624	-0.0289314456933	-0.0075724846811

Biplot	0	0

Site constraints	0	0
