Eigvals	3
216.9077482	104.284511331	62.5664892113

Proportion explained	3
0.285693157175	0.158023100798	0.117636946516

Species	0	0

Site	17	3
sample11	0.0130750883582	-0.155084759296	-0.22910730381
sample10	-0.0247178597996	-0.00185295142161	0.102344909744
sample13	0.204442453366	-0.171250289227	0.0460480895153
sample12	0.079942118104	-0.0582552894103	0.234468923665
sample15	0.121555485661	-0.0538597809852	-0.031522480472
sample14	0.258843284625	0.307237220745	-0.0780167970917
sample17	0.084164977613	0.105704201606	0.154120127144
sample16	0.247747138077	0.0613710056598	0.0446848095055
sample5	-0.0989045796058	0.135569467465	0.0897521249881
sample4	-0.17384705162	0.00435957358724	0.0285300317929
sample7	-0.19584207706	0.242617650773	-0.235931620313
sample6	-0.118601825224	-0.0714169849162	0.0110627550405
sample1	-0.16068644286	-0.129449717553	-0.0606278477771
sample3	-0.16711187123	-0.0386846640024	0.0285159988054
sample2	-0.161986293071	-0.032882605171	0.0455598631675
sample9	-0.134908294033	0.00585958205893	0.0478339096234
sample8	0.226835748699	-0.149981659911	-0.19771549353

Biplot	0	0

Site constraints	0	0
