Eigvals	3
174.677614926	66.7522634093	58.749559363

Proportion explained	3
0.502521500366	0.177630732408	0.113008739376

Species	0	0

Site	13	3
MCT.f.0129	-0.16345729042	-0.191351443398	-0.0677595318027
MCT.f.0128	-0.219641309541	-0.0599526840061	-0.0525307045249
MCT.f.0127	-0.238102574286	-0.0249442505173	-0.0573040400527
MCT.f.0126	-0.263277465416	0.0790450004348	-0.075015466156
MCT.f.0125	-0.222268824235	0.185606933543	0.048129355836
MCT.f.0124	-0.195350442383	0.241654776848	0.104510123181
MCT.f.0134	0.284862686429	0.0338907568186	-0.00486311735208
MCT.f.0135	0.309628434786	0.076142000928	-0.0647470748782
MCT.f.0136	0.290197451351	0.0682813044038	-0.143309948505
MCT.f.0130	-0.0968708355055	-0.225604231833	-0.00951985892315
MCT.f.0131	0.0645623336753	-0.141022047123	0.185674375831
MCT.f.0132	0.183628494284	-0.0509459055834	0.135418949515
MCT.f.0133	0.266089341261	0.00919978948462	0.00131693783153

Biplot	0	0

Site constraints	0	0
