Eigvals	3
174.677614926	66.7522634093	58.749559363

Proportion explained	3
0.502521500366	0.177630732408	0.113008739376

Species	0	0

Site	13	3
MCT.f.0129	-0.0888341739723	-0.0564823747479	-0.104064249256
MCT.f.0128	-0.0395012635538	0.00204343242533	-0.0181664531913
MCT.f.0127	0.0224898252733	0.0222704340146	0.0126392612885
MCT.f.0126	0.0201172374289	-0.0428923392178	-0.0445767989813
MCT.f.0125	0.0334600184742	0.0531384082305	-0.00491233013858
MCT.f.0124	-0.0482869764273	0.0452882614551	0.0802083748683
MCT.f.0134	0.0437132790796	0.0479395265076	0.0345151524244
MCT.f.0135	-0.0629156647251	-0.0147990487217	-0.00563037842981
MCT.f.0136	0.0157251927535	0.0182538568626	-0.0428881599928
MCT.f.0130	0.0545443735517	-0.0429968215194	0.0928242724533
MCT.f.0131	-0.0136339253617	0.013411639782	-0.022304085218
MCT.f.0132	0.0400069064416	0.0121653312221	0.00538283197431
MCT.f.0133	0.0231151710373	-0.057340306293	0.0169725621992

Biplot	0	0

Site constraints	0	0
