Eigvals	3
174.280182711	126.621792416	90.8973826976

Proportion explained	3
0.386822079447	0.234084187118	0.154305697362

Species	0	0

Site	12	3
MCT.f.0400	0.0173078487307	-0.0426232165892	-0.0711245000916
MCT.f.0396	0.0834999795295	-0.0128657062705	-0.051927394922
MCT.f.0397	-0.100475971368	0.0973518117136	0.148907418073
MCT.f.0408	0.06471583281	0.13107137768	-0.170033949867
MCT.f.0404	-0.053970833108	-0.0790472771093	-0.0429994721361
MCT.f.0405	0.0807130780732	-0.0752796596798	0.0535213125169
MCT.f.0406	0.0713736934843	-0.0229241047846	0.185087885778
MCT.f.0407	0.0756381169645	0.123040231374	-0.0315734288173
MCT.f.0398	-0.132932726486	0.102577756944	0.00567768274235
MCT.f.0399	-0.232917010078	-0.029628304018	-0.102622759739
MCT.f.0402	-0.00743992900558	-0.100413919237	0.0389484994207
MCT.f.0403	0.134487920454	-0.0912589900239	0.0381387070415

Biplot	0	0

Site constraints	0	0
