Eigvals	3
174.280182711	126.621792416	90.8973826976

Proportion explained	3
0.386822079447	0.234084187118	0.154305697362

Species	0	0

Site	12	3
MCT.f.0400	-0.20617268571	-0.0404695119125	-0.164122715805
MCT.f.0396	-0.23526427037	0.0678058437088	0.225201366087
MCT.f.0397	-0.235302434527	0.129780946925	0.128118973747
MCT.f.0408	0.211651617456	0.188104044825	-0.106010456712
MCT.f.0404	0.212940164035	-0.177889632623	0.168447100894
MCT.f.0405	0.236954385116	-0.0251294484816	0.0687951481412
MCT.f.0406	0.245315553575	0.120410214515	-0.0127677819422
MCT.f.0407	0.233479071623	0.176976901829	-0.0652098294626
MCT.f.0398	-0.239195958453	0.101674651991	-0.000109587835634
MCT.f.0399	-0.245959291579	-0.0128327333131	-0.136913492807
MCT.f.0402	-0.027030496406	-0.239987736216	-0.123465609714
MCT.f.0403	0.0485843452389	-0.288443541248	0.0180368854099

Biplot	0	0

Site constraints	0	0
