Eigvals	3
270.737751523	204.197452711	72.5060774589

Proportion explained	3
0.326699950475	0.211064111125	0.100606838272

Species	0	0

Site	14	3
sample11	0.163547330697	0.149113180335	0.0757155143193
sample13	0.173119368749	0.0822892903296	0.0480199316554
sample12	0.166963570984	0.133183344829	0.0728199759326
sample14	-0.0597823546855	-0.214986598554	0.126938938931
sample17	0.0410020935116	-0.214994120701	0.16695560633
sample16	-0.0382029171573	-0.26924454187	-0.160514426384
sample5	0.0284378511762	-0.0851190864841	0.156185447263
sample7	0.141731843418	0.00560944679889	-0.113382396436
sample6	-0.0328422164441	-0.0861374061556	-0.237741752521
sample1	-0.33169554532	0.10575440397	0.0221844024023
sample3	-0.330525469212	0.127168401334	-0.0208445796641
sample2	-0.337531507964	0.10013375941	0.0102776669869
sample9	0.215241961356	0.0664451806448	-0.0737002160332
sample8	0.200535990891	0.100784746114	-0.072914112782

Biplot	0	0

Site constraints	0	0
