Eigvals	3
93.7143729776	61.3988594939	56.0104040947

Proportion explained	3
0.220107613905	0.163555553948	0.146285959289

Species	0	0

Site	12	3
sample11	-0.191805874694	0.000233621884965	-0.123333636592
sample10	0.315891372379	-0.0105843737658	-0.110053677385
sample12	-0.251719011646	-0.039513623093	-0.0978547909044
sample14	-0.168936817413	-0.0696411520067	-0.280403468927
sample5	-0.0535547144852	0.0241331355604	0.253262192755
sample4	-0.124372291905	-0.0474143584044	0.236621433476
sample6	0.0869146819951	0.0829747821116	0.190029662113
sample1	0.183024485758	-0.166964069994	-0.0428651809452
sample3	0.224335927894	0.121045337161	-0.0969115548927
sample2	-0.165268042901	0.214483297531	0.0310969612646
sample9	0.0477782229119	-0.387274287218	0.0729087436319
sample8	0.0977120621062	0.278521690233	-0.0324966835928

Biplot	0	0

Site constraints	0	0
