Eigvals	3
93.7143729776	61.3988594939	56.0104040947

Proportion explained	3
0.220107613905	0.163555553948	0.146285959289

Species	0	0

Site	12	3
sample11	-0.0519245015139	-0.0960054955234	-0.0835273989596
sample10	-0.034695691462	-0.158989495351	-0.0625368946412
sample12	-0.0980646270438	-0.00641110398341	-0.0766574222103
sample14	0.0203819792346	-0.0628686956315	0.0542194217272
sample5	-0.110063692093	0.0381711775155	0.0741480996672
sample4	-0.0553802619848	0.0509560370925	0.0701549570989
sample6	-0.0380358955046	0.0295052461103	0.0738345300784
sample1	0.0562912315976	0.0683864265516	-0.144131649861
sample3	0.077060638656	0.14951577241	-0.0598346880776
sample2	0.0150318080359	0.108064052275	0.056369660853
sample9	0.0994345850787	-0.132813275329	0.0148786333011
sample8	0.119964426999	0.0124893538644	0.0830827510243

Biplot	0	0

Site constraints	0	0
