Eigvals	3
121.717887839	66.5514046332	56.8919177544

Proportion explained	3
0.213298449015	0.141677308269	0.126656778069

Species	0	0

Site	15	3
sample11	0.17813900397	0.148558816437	0.0799295738887
sample10	0.116693380998	-0.106685775494	0.0746215480706
sample13	0.131358851086	0.119518208651	-0.0945119378327
sample12	0.0349901522363	-0.0463291015677	0.0868346030613
sample15	-0.0867031703202	0.167563557931	-0.164726651772
sample14	-0.302498769829	-0.0176746928832	0.0915560814191
sample17	-0.128862826156	0.100267578049	-0.170927985552
sample16	0.106162670831	0.162186785175	0.1624878451
sample4	0.0348026831369	-0.224732981512	-0.0977626185607
sample7	-0.115641847359	-0.218842455635	-0.0566344462146
sample6	-0.0981237441512	0.0751912031115	-0.2595467767
sample3	0.0726074900015	-0.280073108582	-0.0441673614139
sample2	0.257016043473	-0.0626453107186	0.0841695691173
sample9	-0.277820954525	0.0314512709791	0.310692065001
sample8	0.0778810366062	0.152246006059	-0.00201350761344

Biplot	0	0

Site constraints	0	0
