Eigvals	3
121.717887839	66.5514046332	56.8919177544

Proportion explained	3
0.213298449015	0.141677308269	0.126656778069

Species	0	0

Site	15	3
sample11	0.0755101167611	0.0182773100218	0.0220933938296
sample10	0.0670014371976	-0.00593230418029	0.0634965790135
sample13	-0.0245438364113	-0.028813547172	0.0174678589222
sample12	0.0186694933504	-0.0545579748469	0.0693131144449
sample15	-0.0418064519729	0.00394267919985	-0.0996615398488
sample14	0.025593446804	0.0721734017137	0.0248743140451
sample17	-0.095182896471	0.122309142814	0.0392818865093
sample16	0.0542526061844	0.0161525554541	-0.0605367725514
sample4	0.115763421977	0.0087856013841	-0.00771019197772
sample7	-0.0690614473047	0.00298258962551	-0.0714144095119
sample6	-0.0313263016772	-0.0186062697717	-0.0479410006729
sample3	0.0190499124683	-0.0624046622604	0.011890158518
sample2	0.00569959319519	-0.0321449660914	0.054337971492
sample9	-0.0472400593376	-0.040073839376	-0.00875021802986
sample8	-0.0723790347636	-0.00208971651464	-0.00674114418214

Biplot	0	0

Site constraints	0	0
