Eigvals	3
165.643491255	108.837745774	63.3810163022

Proportion explained	3
0.241045998881	0.169967608401	0.118888214058

Species	0	0

Site	13	3
sample11	0.0314736375219	0.0223034786703	0.0349075674957
sample10	-0.0680946179785	-0.0118482674377	0.138938164164
sample13	0.0198008692026	-0.0670401323446	-0.110815970165
sample12	0.0186995111452	-0.0485051669551	-0.0563406499785
sample5	0.031513018613	-0.0188715577186	-0.0680326228415
sample4	0.13160832422	0.14411754701	0.00300006948089
sample7	0.0978559589375	-0.0724129047047	-0.0920262803598
sample6	0.0751541243802	-0.0365533030037	-0.0115128541512
sample1	-0.0939864443225	0.0638599328313	-0.0650037883725
sample3	-0.101527855393	0.0557098751789	0.036846707308
sample2	-0.0488611575427	0.105971782589	-0.0317390388699
sample9	-0.0729978614791	0.0153605064064	0.00204967299689
sample8	-0.0206375073045	-0.152091790521	0.219729023293

Biplot	0	0

Site constraints	0	0
