Eigvals	3
165.643491255	108.837745774	63.3810163022

Proportion explained	3
0.241045998881	0.169967608401	0.118888214058

Species	0	0

Site	13	3
sample11	0.0978293269081	-0.189310721341	0.0385432321068
sample10	0.000112134170414	0.0827486504117	0.0969564110865
sample13	0.177851151814	0.0176522967223	0.333461491776
sample12	0.0184970805711	-0.290611723351	-0.0648775733266
sample5	0.256423830312	0.128644800391	-0.273087605356
sample4	0.239816906299	0.273958117016	0.0394173766745
sample7	-0.128570295519	-0.0909355700608	-0.123249308569
sample6	0.195718346518	-0.0943098940822	-0.151196832894
sample1	-0.231549448884	0.20383960509	-0.0413817235129
sample3	-0.2432502849	0.134299049877	0.0378537653664
sample2	-0.246308786598	0.0280404110194	-0.102142917533
sample9	-0.0364954633731	-0.0757614412107	0.124008362944
sample8	-0.100074497317	-0.128253580482	0.0856953212369

Biplot	0	0

Site constraints	0	0
