Eigvals	3
120.490072903	62.9495926725	47.0166716661

Proportion explained	3
0.24840491852	0.146386339423	0.119792655868

Species	0	0

Site	12	3
sample11	-0.0447778352768	0.126850902522	0.203779713539
sample10	0.0377231093096	0.0343508712961	0.00688374108258
sample15	-0.0431253459646	0.434419724163	0.0365710407152
sample14	0.574453804211	-0.0495582664002	-0.116949788765
sample17	-0.137334577494	-0.0787793248275	-0.205064819551
sample5	-0.158855724534	-0.0904361776841	-0.121225003265
sample4	-0.135903654177	-0.0416565655967	-0.172302879752
sample1	0.0605394031505	-0.150148298846	0.319169593716
sample3	-0.0612117223697	-0.18120482224	0.138320540525
sample2	-0.0978815313556	-0.0312487804551	-0.0438057041516
sample9	0.0839066497055	0.110292831023	-0.0735463037169
sample8	-0.0775325752058	-0.0828820929539	0.0281698696241

Biplot	0	0

Site constraints	0	0
