Eigvals	3
120.490072903	62.9495926725	47.0166716661

Proportion explained	3
0.24840491852	0.146386339423	0.119792655868

Species	0	0

Site	12	3
sample11	0.00637655956714	0.0777168686119	0.0886638937335
sample10	-0.0371192638659	0.0405463303763	-0.109137396066
sample15	-0.0240604380085	0.0533002968207	-0.0277455776172
sample14	0.121803711257	-0.00274147056916	-0.0518993271497
sample17	0.0727251983044	-0.00873229942083	-0.00996583714075
sample5	-0.126194551322	0.117922738241	0.0176981027692
sample4	0.0248755115746	-0.0582981178365	-0.0751053319635
sample1	-0.0192824604261	-0.0504190239549	0.147585687509
sample3	-0.00753617564305	-0.0335982535926	-0.109674892251
sample2	-0.163438780104	-0.11493877845	0.126069258487
sample9	0.0853748323869	0.028104417662	0.0153490980717
sample8	0.0664758562795	-0.0488627078883	-0.0118376783821

Biplot	0	0

Site constraints	0	0
