Eigvals	3
73.4584027499	48.0751365443	30.7036040678

Proportion explained	3
0.340559439246	0.276780291009	0.131437535505

Species	0	0

Site	9	3
MCT.f.0050	-0.274266150483	0.106724730777	-0.196682601287
MCT.f.0048	-0.265435962245	0.0667523699739	0.199233122178
MCT.f.0049	-0.339070528577	0.0998387901376	-0.0343652310953
MCT.f.0044	0.224061017181	0.158183530567	0.0205557699378
MCT.f.0045	0.142164471905	0.1396056311	0.216813707436
MCT.f.0039	0.033178928698	-0.39396506906	-0.0165231101858
MCT.f.0038	0.0271992305514	-0.392393846365	0.0277126888704
MCT.f.0042	0.219833566324	0.0571770941684	-0.160848934337
MCT.f.0043	0.232335426646	0.1580767687	-0.0558954115164

Biplot	0	0

Site constraints	0	0
