Eigvals	3
73.4584027499	48.0751365443	30.7036040678

Proportion explained	3
0.340559439246	0.276780291009	0.131437535505

Species	0	0

Site	9	3
MCT.f.0050	-0.107851397597	0.0223283921926	-0.0513612711969
MCT.f.0048	-0.0155171993853	0.0343049910871	0.139210285201
MCT.f.0049	0.0281952680061	-0.0110690440456	-0.0556227508835
MCT.f.0044	0.198964780759	0.00214519816016	-0.0433048046922
MCT.f.0045	-0.0856682940105	0.0420388637946	-0.0947337621372
MCT.f.0039	-0.0386126700518	-0.159488159684	-0.141160815568
MCT.f.0038	0.00173750480085	-0.0897611772716	0.129117102332
MCT.f.0042	0.0402020718665	0.0867981000957	0.0758727587236
MCT.f.0043	-0.0214500643875	0.0727028356708	0.0419832582208

Biplot	0	0

Site constraints	0	0
