Eigvals	3
103.036848924	68.6773681232	56.2209241883

Proportion explained	3
0.325454223772	0.215300641182	0.138483012442

Species	0	0

Site	14	3
MCT.f.0344	0.0315469737994	0.0580932163451	0.0337583924262
MCT.f.0351	0.0886870214852	-0.037571300658	0.0791661662157
MCT.f.0347	-0.0947382064775	0.079321725744	-0.208307450102
MCT.f.0352	0.077597465356	-0.0749201537506	0.0594310808033
MCT.f.0349	0.0121168995022	-0.0144550902079	-0.0301896054744
MCT.f.0348	-0.160587019616	-0.16937354775	-0.0471587867233
MCT.f.0350	-0.0602758824439	-0.229134902525	-0.135120253035
MCT.f.0346	-0.168163029582	0.126502373015	0.153440319264
MCT.f.0345	-0.0294710722275	0.0421474522447	0.0812205387869
MCT.f.0353	0.118230660718	0.0739957041088	0.0402006584095
MCT.f.0354	0.0631341783889	-0.0402725475529	0.0439876903111
MCT.f.0355	-0.0364852239306	-0.0598777890272	0.0750270515157
MCT.f.0356	0.111744674688	0.104706096828	-0.131889198686
MCT.f.0357	0.0466625603404	0.140838763186	-0.0135666037101

Biplot	0	0

Site constraints	0	0
