Eigvals	3
103.036848924	68.6773681232	56.2209241883

Proportion explained	3
0.325454223772	0.215300641182	0.138483012442

Species	0	0

Site	14	3
MCT.f.0344	-0.208652483423	0.148998131443	0.140023610245
MCT.f.0351	0.136599002714	-0.229253125643	0.0779260274962
MCT.f.0347	-0.223293246252	0.00700276932761	-0.0171976338226
MCT.f.0352	0.178994171978	-0.163885297532	0.124596438903
MCT.f.0349	-0.117484148162	-0.201999316389	-0.160323369007
MCT.f.0348	-0.20011521845	-0.0671016611542	-0.0626816709055
MCT.f.0350	-0.0513767268694	-0.243522174304	-0.126580296018
MCT.f.0346	-0.242624989214	0.0943928218538	0.0557782994281
MCT.f.0345	-0.226125038194	0.119186328245	0.0922510047377
MCT.f.0353	0.211873671989	-0.0389357780409	0.148921743957
MCT.f.0354	0.221597663181	0.0474544735671	0.10000302322
MCT.f.0355	0.187333911543	0.174030336707	-0.110428382263
MCT.f.0356	0.155912046133	0.191343260077	-0.113501651292
MCT.f.0357	0.177361383027	0.162289231843	-0.148787144678

Biplot	0	0

Site constraints	0	0
