Eigvals	3
454.659190686	82.6793244912	49.9278690891

Proportion explained	3
0.51215607951	0.189840214954	0.126711064773

Species	0	0

Site	6	3
sample10	0.197855308696	0.0628511253394	0.0386913988728
sample13	-0.0574164951491	-0.525056607399	-0.0108821415994
sample16	0.167113215356	0.130370836869	0.0773807998688
sample5	0.104755788858	0.076417290221	0.288496308355
sample6	-0.567767678608	0.154973811922	-0.0135079229273
sample1	0.155459860847	0.100443543047	-0.38017844257

Biplot	0	0

Site constraints	0	0
