Eigvals	3
111.175558438	92.5953906864	72.8758623825

Proportion explained	3
0.243716672513	0.195947014908	0.15131281492

Species	0	0

Site	13	3
MCT.f.0459	0.0291398285783	0.104517187552	-0.171065831195
MCT.f.0458	0.0707484670465	0.0794436079059	-0.102111736172
MCT.f.0457	0.138257319868	0.0186693679599	0.113335691285
MCT.f.0444	-0.143823341962	-0.101166652073	0.000299253517959
MCT.f.0455	-0.0369473853197	-0.141154722317	-0.0433335570219
MCT.f.0454	-0.0336676660822	-0.0886477456735	-0.0168526896062
MCT.f.0453	0.0793897380189	-0.033203663346	-0.136953009358
MCT.f.0445	-0.0247893994117	-0.0137915855253	0.101438097306
MCT.f.0451	-0.0396560589947	-0.0152199507306	0.0951977315277
MCT.f.0450	0.0333203716583	-0.0162553432476	0.0199075624297
MCT.f.0446	-0.0971351618314	0.101363440628	0.057721954119
MCT.f.0456	0.160707271685	-0.0661643718268	0.0379235115828
MCT.f.0447	-0.135543983254	0.171610430694	0.044493021584

Biplot	0	0

Site constraints	0	0
