Eigvals	3
111.175558438	92.5953906864	72.8758623825

Proportion explained	3
0.243716672513	0.195947014908	0.15131281492

Species	0	0

Site	13	3
MCT.f.0459	0.149598737236	0.212335447616	-0.0879799153247
MCT.f.0458	0.158050170771	0.18675987771	-0.147625332297
MCT.f.0457	0.264764154385	0.0890286975008	-0.01059157581
MCT.f.0444	-0.236323851624	0.0722401397742	0.0430481334576
MCT.f.0455	0.176732518139	-0.272315334975	0.0712437508814
MCT.f.0454	-0.0346755709492	-0.270932280805	-0.0136831075805
MCT.f.0453	-0.142588971244	-0.184166963454	0.035021997895
MCT.f.0445	-0.209588531604	0.125525038525	0.071174217302
MCT.f.0451	-0.143034320362	-0.0897830932432	-0.222853434158
MCT.f.0450	-0.0521241223855	-0.0366817227097	-0.255392377773
MCT.f.0446	-0.149977365412	0.145918311411	0.150571602805
MCT.f.0456	0.313865273474	-0.048415663381	0.167592009453
MCT.f.0447	-0.0946981204259	0.0704875460311	0.199474031149

Biplot	0	0

Site constraints	0	0
