Eigvals	3
131.159971526	63.7950344023	41.7258263023

Proportion explained	3
0.452872214263	0.192845399176	0.108192566193

Species	0	0

Site	13	3
MCT.f.0149	0.172873375067	-0.131517738491	0.113947456451
MCT.f.0148	0.107802764954	-0.164290621041	0.0973839083485
MCT.f.0145	-0.209760063303	-0.0946719108647	-0.0835703699085
MCT.f.0144	-0.27166737671	-0.00625104460205	-0.100479503222
MCT.f.0147	0.0054142698609	-0.193761926711	0.0234557516968
MCT.f.0146	-0.121912012996	-0.171397054377	-0.100930409641
MCT.f.0141	-0.185648301265	0.193105272637	0.207096448048
MCT.f.0152	0.255866150262	0.127509059927	-0.0798773158477
MCT.f.0143	-0.281031936703	0.0530333976028	-0.0406587637511
MCT.f.0142	-0.25941733008	0.145731474079	0.0683701433547
MCT.f.0150	0.285242578952	-0.0360487236041	0.0501630920005
MCT.f.0153	0.216424394447	0.206887449326	-0.111024484166
MCT.f.0151	0.285813487514	0.0716723661175	-0.0438759533645

Biplot	0	0

Site constraints	0	0
