Eigvals	3
131.159971526	63.7950344023	41.7258263023

Proportion explained	3
0.452872214263	0.192845399176	0.108192566193

Species	0	0

Site	13	3
MCT.f.0149	0.0103914237095	-0.108311202289	-0.0240370913434
MCT.f.0148	0.0253296538342	-0.104633006366	-0.0230860472428
MCT.f.0145	-0.0803858549083	-0.0858885354566	-0.0805098236586
MCT.f.0144	-0.100985253811	0.0351203960583	-0.0706367421209
MCT.f.0147	0.0145201805508	-0.0998983416498	0.103922440508
MCT.f.0146	-0.0398578704309	-0.132325099281	-0.0889507744308
MCT.f.0141	-0.120598644252	0.0419720388327	-0.0704134039839
MCT.f.0152	0.0491797225907	-0.0199418650544	-0.10254287118
MCT.f.0143	-0.0804427932587	0.129491623855	0.272322095374
MCT.f.0142	-0.0644695228317	0.0740708617944	-0.0318342510091
MCT.f.0150	0.166785160137	0.154437359511	0.101109243231
MCT.f.0153	0.0729622018812	0.101292327844	0.0548067491825
MCT.f.0151	0.147571596789	0.0146134422019	-0.0401495233249

Biplot	0	0

Site constraints	0	0
