Eigvals	3
108.945221352	71.5551842471	61.4749970918

Proportion explained	3
0.211275782177	0.144067213302	0.125129688247

Species	0	0

Site	15	3
sample11	-0.0380514133124	-0.17369214643	0.0640440410066
sample13	0.204969498829	0.01811728806	-0.00729491364493
sample12	0.140871499944	-0.112460122169	0.0157590956224
sample15	0.0693009582913	0.0920878032359	-0.0337595452325
sample14	0.151117601621	0.0217456666586	-0.022784656529
sample17	0.0643963971349	-0.0529578655785	0.0742509290851
sample5	-0.118745792012	-0.00293883487284	0.0249102122085
sample4	-0.0144315855464	-0.0390758267774	-0.172534621286
sample7	-0.0536647796802	0.041480701514	0.0802971827824
sample6	-0.123854751128	-0.0431943149682	-0.119384622215
sample1	-0.048885750832	0.166061778494	-0.0687494239713
sample3	-0.0979732058661	-0.0304727600178	-0.0253696650633
sample2	-0.077148906934	0.0213939848515	-0.00626797678983
sample9	-0.0255515368565	0.0131860919936	0.0872895260827
sample8	-0.0323482336526	0.0807185560051	0.109594437944

Biplot	0	0

Site constraints	0	0
