Eigvals	3
108.945221352	71.5551842471	61.4749970918

Proportion explained	3
0.211275782177	0.144067213302	0.125129688247

Species	0	0

Site	15	3
sample11	0.0597148831072	-0.110507705446	-0.0646340674629
sample13	0.240246853547	-0.0733335044531	0.0382610971246
sample12	0.104972769772	-0.0919877675888	-0.016667015902
sample15	0.312530656661	0.0391890470963	-0.01468701266
sample14	0.263260666799	-0.0210692428608	0.0390346801201
sample17	0.105340989462	0.121193152251	0.156561225925
sample5	-0.158613978662	-0.0717593331901	-0.134234664427
sample4	-0.124917698136	-0.103096984476	-0.249333830753
sample7	-0.106759301788	0.196510752029	0.0733545361152
sample6	-0.201916773597	-0.0817706116144	-0.0491416603884
sample1	-0.110795167353	0.265677615996	0.0252451792875
sample3	-0.170408696757	0.0520478710752	0.220391589175
sample2	-0.0190259975646	-0.230445449667	0.0458955971126
sample9	0.00841117874216	0.240567241663	-0.252863320112
sample8	-0.202040384234	-0.131215080814	0.182817666845

Biplot	0	0

Site constraints	0	0
