Eigvals	3
130.112345015	86.9734956685	61.9773212129

Proportion explained	3
0.200863421406	0.150001251256	0.112833257024

Species	0	0

Site	16	3
sample11	0.167526039075	0.183096349005	-0.121279663586
sample10	0.0684728613501	0.15010630299	0.010863560171
sample13	-0.216860541079	0.0201864751512	0.0572406898161
sample12	0.222746625702	0.136631081753	-0.0785601968556
sample15	0.198187925224	-0.204970307717	0.0981320835485
sample14	-0.125879560895	0.0530873959209	0.0323676062524
sample16	0.165079017002	-0.220062870582	0.111034142585
sample5	-0.0311215638032	0.272197606278	-0.00306398875348
sample4	-0.0409882874012	-0.0154409447873	0.192814082649
sample7	-0.164992642195	-0.0706608839338	-0.210312077418
sample6	-0.210330199864	-0.126594950496	-0.113095312483
sample1	-0.0660240088234	0.131007984127	0.105401935121
sample3	-0.164769175319	0.0465834590725	0.176937752396
sample2	0.0934339599822	-0.150278833076	0.123693762945
sample9	-0.111100784572	-0.185911754944	-0.221057692372
sample8	0.216620335617	-0.0189761087606	-0.161116684015

Biplot	0	0

Site constraints	0	0
