Eigvals	3
130.112345015	86.9734956685	61.9773212129

Proportion explained	3
0.200863421406	0.150001251256	0.112833257024

Species	0	0

Site	16	3
sample11	0.049876904655	0.0262990453391	-0.045627281121
sample10	0.00787411707726	-0.152197829811	0.0204052269047
sample13	0.0901412976758	0.0858735578177	0.0166346951663
sample12	0.0330044344141	0.0638371098132	-0.00632630954604
sample15	0.0558367053164	0.0302398733611	-0.00953282261458
sample14	0.0527333233333	-0.000556883689356	0.0273161117909
sample16	0.0227483011634	0.0252528112782	0.00934835617585
sample5	-0.0662356669359	0.017708196559	0.0346413995671
sample4	-0.0531612516991	0.0283029682049	-0.0237753495012
sample7	0.0266039445578	0.00791841406867	-0.0772208472678
sample6	-0.0779686889454	-0.0439787053589	-0.00693477104143
sample1	-0.0376997706498	0.0220669976216	0.0752686538886
sample3	-0.0769320426795	0.0176534824909	0.0356892660467
sample2	-0.00930607602587	-0.0552505826044	0.0903947846338
sample9	-0.0334772587499	-0.036320313608	-0.0589721269203
sample8	0.0159617274924	-0.0368481414828	-0.0813089861616

Biplot	0	0

Site constraints	0	0
