Eigvals	3
109.529483019	79.3398442146	36.0629722623

Proportion explained	3
0.332974343023	0.239284937601	0.154404217849

Species	0	0

Site	8	3
sample10	-0.0110163350765	-0.120502052047	0.194736244239
sample13	-0.148437154472	0.230794624931	-0.205888460419
sample12	-0.0962129030881	-0.222804356072	-0.282796839341
sample5	0.140287835004	0.0640794386917	0.11593163839
sample4	0.0668921182463	0.157903152181	-0.025668938977
sample7	0.208918355888	-0.0549215819092	0.036631230013
sample1	-0.0540994464654	0.0568915143239	0.109078767344
sample9	-0.106332470036	-0.1114407401	0.0579763587508

Biplot	0	0

Site constraints	0	0
