Eigvals	3
109.529483019	79.3398442146	36.0629722623

Proportion explained	3
0.332974343023	0.239284937601	0.154404217849

Species	0	0

Site	8	3
sample10	-0.0901419949327	-0.151382869394	0.0281514788677
sample13	-0.0956776027802	0.221972721762	-0.34119928017
sample12	-0.204965150585	-0.103207928866	-0.199582877521
sample5	0.0189328230107	0.139617005258	0.235473563983
sample4	-0.0699872601685	-0.170666436473	0.0822042945703
sample7	0.592329100039	-0.0155369955561	-0.0791979177759
sample1	-0.0975465149513	0.330775431225	0.185956871659
sample9	-0.0529433996321	-0.251570927956	0.0881938663874

Biplot	0	0

Site constraints	0	0
