Eigvals	3
255.89581353	150.555497775	102.212351043

Proportion explained	3
0.238584571856	0.157324830601	0.117445290988

Species	0	0

Site	15	3
sample11	0.246662101966	-0.0194043638555	-0.056585812864
sample10	0.139049510029	0.196945808498	0.0371806635652
sample13	0.0902924482122	-0.0757101007914	0.069571607221
sample12	0.140409584174	-0.112295691685	-0.249379045915
sample15	-0.00974470976277	-0.143068813214	0.136339740036
sample14	0.168806288414	-0.332158857821	-0.0507918140058
sample5	0.0683938755896	0.0155913438147	0.35468569212
sample4	-0.222757007698	0.00529982222657	-0.0966826074727
sample7	-0.083306385013	-0.0341055570207	0.0862942021624
sample6	0.157462634059	0.235834255694	-0.120323054258
sample1	-0.213204883599	0.0737800005194	0.0575545999212
sample3	-0.240333065839	-0.138426091022	-0.0320064747563
sample2	-0.240290534378	0.00539854827835	-0.0750755581305
sample9	0.109634396736	0.155767977912	0.0342135454077
sample8	-0.111074252891	0.166551718467	-0.0949956830312

Biplot	0	0

Site constraints	0	0
