Eigvals	3
255.89581353	150.555497775	102.212351043

Proportion explained	3
0.238584571856	0.157324830601	0.117445290988

Species	0	0

Site	15	3
sample11	-0.0432539098037	-0.0430565588233	-0.0968519786591
sample10	0.183023694369	0.0275736144196	0.0601522554457
sample13	0.128648039105	-0.0523224724792	-0.0112426036518
sample12	0.174289142893	0.0409105262024	-0.0548613322749
sample15	0.0403782612038	-0.146033307704	0.0718863140643
sample14	0.0137450266929	-0.0955282775389	-0.0655061671054
sample5	-0.105451162095	0.0898327568847	0.192797549569
sample4	-0.137557336554	0.0572700402235	-0.0625394946825
sample7	-0.0416160962676	-0.0201112232482	0.00956763878728
sample6	0.00619026393557	0.0609394344438	-0.0545599474789
sample1	-0.131559154939	0.00687100736883	-0.115573780603
sample3	-0.0762871894504	-0.0414057726113	0.125235528365
sample2	-0.0968058292642	0.00881111094155	-0.0292853601852
sample9	0.164795904638	0.144538192639	-0.0613649651447
sample8	-0.0785396544639	-0.0382890707179	0.0921463435544

Biplot	0	0

Site constraints	0	0
