Eigvals	3
102.124113623	97.8056047713	50.7639547131

Proportion explained	3
0.242595354582	0.225575062902	0.132999382509

Species	0	0

Site	11	3
sample11	0.16593612336	0.119824682119	0.18256893954
sample10	0.126700809803	0.0993269543472	-0.0432184618937
sample13	0.231862537172	-0.220131676092	-0.111326702326
sample12	0.0939061597297	-0.126854616523	0.0179456381547
sample5	-0.317001306733	-0.292125161993	0.257714651844
sample4	-0.0952179193714	-0.0625592236805	-0.0350499730522
sample7	0.101072805124	-0.176425488415	-0.241363099436
sample6	0.110174887628	0.233922207521	0.0794200562136
sample1	-0.277874257978	0.285151041508	-0.141016132189
sample2	-0.261995786017	0.0361724036436	-0.129865934276
sample8	0.122435947283	0.103698877565	0.16419101742

Biplot	0	0

Site constraints	0	0
