Eigvals	3
102.124113623	97.8056047713	50.7639547131

Proportion explained	3
0.242595354582	0.225575062902	0.132999382509

Species	0	0

Site	11	3
sample11	0.171128056693	0.162416662514	0.032333306267
sample10	0.0821923303988	-0.0683183919452	0.0336010150734
sample13	0.183264257938	-0.13628188041	-0.0802602580772
sample12	-0.0292427407714	-0.032894296231	0.157417564443
sample5	-0.113055741085	-0.0104716287171	0.0194499364704
sample4	-0.110677431537	0.0804501175648	-0.0427069378911
sample7	0.0232219240815	0.0343702118471	-0.208626376373
sample6	-0.0901092568756	0.103992670031	-0.0234078398391
sample1	-0.0584458989933	0.0707826315522	-0.0621953050069
sample2	-0.0677217661002	-0.101784006935	0.0815047568226
sample8	0.00944626625127	-0.102262089271	0.0928901381107

Biplot	0	0

Site constraints	0	0
