MCTs01	MCTs03	MCTs04	MCTs05	MCTs06	MCTs07	MCTs08	MCTs09	MCTs10	MCTs11	MCTs12	MCTs13	MCTs14	MCTs15	MCTs16	MCTs18	MCTs19	MCTs20	MCTs21	MCTs22	MCTs23	MCTs24	MCTs25	MCTs26	MCTs27	MCTs28	MCTs29	MCTs31	MCTs32	MCTs33	MCTs34	MCTs35	MCTs36	MCTs37
M00001	122286.4248648	325189.631872	80623.893926	68093.9220654615	138631.461321286	212916.399826938	48941.3408013125	45967.320093125	301681.269477643	149408.086886687	61247.9690431875	162831.3440237	189002.446419938	345102.442338818	139774.4692885	23844.1134480588	80315.8667960667	422591.154694333	81378.8779934	375205.929974733	70601.2054842353	78999.3054215625	115329.152067467	130270.683545706	142609.890721286	338596.4128425	269314.789160833	32221.4653910714	256579.958452143	174120.096374176	502851.50726525	64330.73729925	109334.848937706	15710.1413609286
M00002	110120.813333333	254246.533333333	70671.98	69539.3692307692	123021.228571429	167805.375	46100.64375	41989.71875	240850.55	121649.625	55091.8625	130691.52	146144.4875	275468.527272727	130718.607142857	20194.6294117647	71502.74	311128	72272.1466666667	309136.673333333	59107.9529411765	67786.81875	99225.5066666667	120464.988235294	110658.271428571	282581.391666667	246133.666666667	32534.6428571429	196552.607142857	147134.482352941	385790.091666667	70744.8583333333	89800.5647058824	17734.7642857143
M00003	90399.8438662667	214269.835875667	56595.9004817333	61417.3285379231	100272.153189857	140949.855404812	35459.1260915	32110.0200125	214165.138731857	95589.7565604375	43489.095924875	117193.1656385	124916.2291785	230587.009125273	102482.284785214	17416.9648535294	57448.3205212	292628.273383333	56535.4060495333	261101.129728133	49944.5788095294	53925.8386683125	83259.0544708	92897.2016974118	93900.8509242857	245704.015386333	205136.145161	24507.6845966429	170107.771501571	121879.284138706	330145.017226417	47346.957143	79539.0952015294	14021.4014406429
M00004	54971.3376240667	145338.433457083	42393.8715696667	44392.9803080769	64791.0841295714	83768.2010931875	30854.73570225	25698.982289375	79081.7649271429	61651.918048	28608.7148958125	57058.9455642	74278.569017	150984.103879818	61833.4266206429	7931.92745752941	55733.2777518667	94155.8103586667	36893.9948141333	126363.510721667	30633.3571936471	22965.9153928125	55421.9747336	51112.27723	63396.9616404286	135896.203081167	135644.451178833	23117.6640521429	104577.675837571	73964.4270997647	182463.5389375	31313.7520346667	57974.7173029412	11103.2370697857
M00005	22714.7333333333	36632.1666666667	9685.46666666667	9689.07692307692	29383.5714285714	24025.375	7418.0625	6264.9375	32442.8571428571	17104.0625	8001.0625	18636.7	21874.3125	43441.9090909091	29741.5714285714	2793.11764705882	10627.0666666667	43086.8333333333	9635.26666666667	48341.8666666667	10779.1176470588	11723.75	13730.1333333333	29593.4117647059	19511.8571428571	46957.8333333333	42826	4994.5	28794.5	23026.0588235294	62628.8333333333	25550.25	14139.7647058824	2993.21428571429
M00006	5517.76	4054.86666666667	5197.12	1203.93846153846	4404.34285714286	5348.9	1061.7	1883.9	7338.8	5052.8	1904.25	3678.88	3550.6	12785.8909090909	1448.57142857143	587.058823529412	10688.5333333333	2944.66666666667	4983.94666666667	10058.1866666667	4568.89411764706	3107.4	4014.24	5685.83529411765	8289.48571428571	6799.2	8773.73333333333	1095.6	5252.17142857143	5781.22352941177	1636.86666666667	4021	2153.83529411765	132.628571428571
M00007	46389.8147774	124365.175367833	35313.6656918	44698.315454	60303.9620427143	70667.6727150625	29085.61336575	22912.9075015	70950.8429289286	51077.66325875	26606.06323975	50182.8132602	63423.6153978125	123284.193110545	53569.6214292857	7027.32163158824	44061.6506364	84806.441428	29184.6930058	111799.903983067	25079.4231045294	20046.2326180625	48878.0493164	42947.1412045294	52148.9077118571	125844.9374665	111798.566391667	21493.5430346429	88246.9885107143	63344.2333525882	162064.675010917	26019.156259	52924.9211458824	12331.817676
M00008	4227.1338986	3743.91747325	5427.7658136	1176.78210653846	5365.78551685714	5433.7397748125	1679.7294758125	2976.3546985	5484.21485185714	4933.7314613125	3240.449273125	3762.1157056	3471.5933645625	10030.1657947273	1784.97658185714	563.255059529412	6940.89029693333	2504.11129341667	4621.47919106667	6502.62547353333	3213.49080982353	2055.1257688125	3207.97874066667	4639.550875	8600.01114007143	6903.01468358333	9359.69857466667	1952.00048121429	6002.29776242857	3834.97220629412	2574.77847866667	5018.02793891667	2259.62699617647	108.095292142857
M00009	63833.3595368	157038.984665417	49098.5070737333	40138.9931028462	74402.4584048571	119013.899681125	31304.048606625	31480.5273126875	148889.9979115	76237.341747875	37509.1124069375	89663.1336234	94789.651598375	188353.570352455	70457.8009796429	11408.4826217647	43902.4783610667	200406.788701083	45315.4442122667	205362.5479872	38112.8878441176	37493.501147625	55454.0675124	66681.7425893529	79294.2470895714	191558.981816667	139155.632897667	21508.4240165714	138540.295481214	94144.634271	270891.394092167	33805.62587975	61862.2988695882	7931.78993585714
M00010	10729.7066666667	10004.9833333333	12687.2	21539.6923076923	22375.2	10981.05	10910.4625	9847.325	12362.1857142857	8889.5625	11861.575	9392.6	6952.025	18224.8727272727	6955.97142857143	1621.09411764706	12634.0533333333	6186.83333333333	9150.6	6145.84	5469.94117647059	2001.0875	10088.7866666667	9343.37647058823	11441.9285714286	37615.5333333333	48500.1333333333	12162.9142857143	13895.1857142857	9001.12941176471	15381.7	12814.6666666667	14721.1294117647	4746.68571428571
M00011	86949.0216537333	257934.069143167	56026.9385826	22838.4966666923	82381.5634302857	180815.870426062	32945.53033575	32425.9070554375	219932.297093571	114435.174165812	39343.456432875	129593.6185786	149134.285607188	286048.525992636	108178.003513786	16014.7266271765	49023.7935177333	310870.432561917	59283.8601062667	336552.7966384	49433.4875876471	60018.930031625	76965.8147496	94679.1648844118	105372.876278	246847.818481583	139568.3342015	14359.7309163571	206979.821894857	143331.761590941	421470.310838417	26648.1116648333	76411.4666487647	4447.1831525
M00012	11366.5583333333	32060.5729166667	10819.5	11945.8173076923	19390.2857142857	25239.375	9522.46875	6646.8828125	24273.0357142857	14891.328125	7643.5703125	16766.2875	18537.6171875	35956.4431818182	14923.75	2190.38235294118	7037	26870.3020833333	8418.075	31440.7583333333	6681.39705882353	4515.7734375	11674.5833333333	10216.6985294118	15118.5357142857	35943.0520833333	34369.4166666667	6580.83035714286	29354.4910714286	18591.7205882353	53684.9791666667	9982.83333333333	16961.3235294118	2345.83928571429
M00013	57.9416666666667	3.85416666666667	12.4333333333333	10.4134615384615	7.19642857142857	3.4296875	1.140625	1.7109375	5.3125	3.1953125	1.765625	5.65	11.984375	3.54545454545455	4.00892857142857	5.89705882352941	8.95833333333333	7.6875	3.68333333333333	1.75833333333333	1.67647058823529	1.0859375	1.96666666666667	2.80882352941176	4.55357142857143	10.3854166666667	29.2083333333333	8.23214285714286	23.1964285714286	2.89705882352941	7.10416666666667	12	15.5294117647059	1.65178571428571
M00014	8578	28412.6166666667	6148.81333333333	4314.98461538462	9941.85714285714	20817.4	4214.975	3583.0875	17415.4857142857	11165.175	4236.125	10707.18	14481.725	27740.7818181818	10474.6285714286	1382.84705882353	7826.90666666667	21140.1166666667	5841.54666666667	28357.84	6172.2	4767.45	8468.96	8683.29411764706	12243.1428571429	21731.1333333333	15884.5	2585.38571428571	19292.4142857143	13903.2941176471	37401.4333333333	4553.23333333333	10156.8352941176	1218.94285714286
M00015	23665.9	76798.25	15770.6	20180.25	28661.6785714286	43853.578125	15233.484375	11708.296875	45333.8571428571	30458.671875	14612.0625	31016.175	40017.609375	69035.1136363636	32776.2321428571	4214.95588235294	13567.05	64613.4375	15085.3	74122.7	11410.6323529412	12426.09375	25591.15	23720.7352941176	25286.8392857143	75244.8125	55006.625	10436.8928571429	54165.1071428571	37631.4705882353	110157.3125	10387.6875	28152.4411764706	5744.03571428571
M00016	83804.10193	187635.349493333	63328.7308119333	70389.2029437692	106506.471966429	128726.611412	44288.0025805	37769.3560906875	161281.007256857	94029.9323459375	46378.076383	108716.1816653	113052.491875125	218541.160209545	81843.9842516429	12888.7009924118	67205.8309768667	202727.951933333	58498.2874917333	212962.031056333	43505.4264745294	47955.363920375	84049.4808049333	87796.9816535882	96701.6498936429	232209.8879785	191718.328198667	34293.5248317143	152289.2855195	116224.431198647	274577.81687225	51636.34217625	82405.5086249412	16815.8854662857
M00017	43015.8128002667	95264.5399528333	32846.3779551333	30537.2530251538	52055.2851167143	71692.45284675	22138.2621889375	21453.709396	89105.0340896429	48866.8341153125	24047.2262388125	59802.6692938	60854.7084184375	113407.955425091	38190.4435752143	7239.07213141176	31169.2665418	132704.074944333	31863.1911154667	123550.889949667	21546.9250114706	28220.6662623125	41328.3272726667	47550.3388185882	51707.3716326429	134165.95498975	101886.980476667	17159.4393827143	83819.7354389286	59894.0319475294	146785.85258625	21287.4062044167	41402.4802391765	7011.76199535714
M00018	40738.1533333333	106155.116666667	28058.9733333333	27593.3538461538	53097.7	70136.40625	20168.9875	17348.94375	84939.9214285714	45532.1375	20137.24375	56581.13	63117.13125	111142.736363636	44956.45	6622.68235294118	23921.28	123482.841666667	25429.0666666667	113198	19151.5705882353	25227.94375	38988.24	46197.1529411765	47641.8785714286	120513.908333333	82596.1333333333	13943.0285714286	84731.7714285714	55051.6294117647	151376.666666667	23254.35	41834	6604.5
M00019	58184.9709611333	155698.809897167	44794.5822547333	52844.1585948462	70100.0844154286	105809.584549812	31447.1274943125	24609.2011725	98994.0760620714	66477.89727175	29256.44949675	70184.1225252	78924.96843	161552.004454455	74775.2018865	10765.0452307647	51691.8245284667	124330.9596615	37238.6540085333	160028.200763667	35235.9868084706	30345.991643125	57601.7547370667	54587.0677718235	72506.9237497857	153386.292722	140089.754157	20673.301902	107802.874612786	82424.5258537059	228586.084715667	37301.0243805	57595.5504041176	12279.7690140714
M00020	29914.2	98035	17096.1333333333	18633.4615384615	34992.1428571429	50395.9375	15701.875	11228.125	39947.7857142857	34312	12339.75	28605.5	46735	84755.6363636364	46200.5	4366.23529411765	20721.8	51650.5833333333	14444	79543.6666666667	14701.7058823529	13250.0625	27219.9333333333	31545.6470588235	31482.7142857143	70323.4166666667	60772	9763.71428571429	62746	42275.8235294118	121441.583333333	19735.3333333333	31501	5340.71428571429
M00021	10774.88	8144.2	7805.76	19685.6307692308	15551.1428571429	7872.825	7871.7	5054.1375	22061.0142857143	6970.0125	6578.85	12660.6	8050.95	18605.7818181818	5469.04285714286	1624.58823529412	12546.56	23784.05	5921.48	18428.2	5521.05882352941	5244.375	9891.8	9149.92941176471	9433.11428571429	39052.25	33961.8	7413.68571428571	10858.2857142857	12472.8705882353	22806.7	5105.75	13146.1764705882	5765.22857142857
M00022	65178.0819205333	160242.401087167	43416.5902054667	57350.7154296923	73890.842082	102952.639835562	35795.22263975	27753.819089	122213.630881214	70084.8988239375	36196.6330320625	76050.321854	92284.82936175	182201.759446727	67996.93116	11055.1211462353	52585.2977626667	180861.8108575	40224.9581202	178612.312007933	36164.4512339412	35674.5933948125	62731.1865534	65783.6345631177	70144.4583568571	203686.4199445	186555.709532833	26190.9345525714	125969.266901357	94833.0616715882	245029.973623583	33353.4026931667	72162.3763076471	16063.8805461429
M00023	33914.7332578	37125.624362	24341.7695056	33898.4444070769	43171.3321844286	32423.4482093125	16460.2254765625	14478.3784230625	48169.7224536429	24938.370617125	16750.4574905625	29233.8590112	24026.8478756875	65389.6611020909	22274.9029694286	3997.47080558824	38061.3455188	40567.5105614167	20090.1492188667	49056.0355137333	19426.6912206471	12989.8807654375	24622.0847918667	28714.9831106471	37227.8000494286	72787.2325473333	81381.8644201667	14737.6399677143	38523.1352867857	32410.5647834706	56153.1095648333	29364.8505391667	30125.7033114706	8781.5416795
M00024	12729.2064334667	29942.1991956667	10730.2394866667	9901.80129130769	15832.4838864286	26848.228279375	5854.941053625	5283.4929038125	31816.7863943571	13610.969028875	7293.8436335	20189.5115056	20488.31802625	40931.67705	16341.2921413571	2538.36993623529	8617.4992062	48722.9719425833	10122.2843006667	41195.6877446	7361.51981688235	8158.3745345	14234.9817866667	12855.9715799412	15229.04465	42171.52026375	38071.9096425	4222.39238964286	27501.6882507143	20362.9627825882	55004.460924	8253.68500625	12857.4573877059	1884.80495464286
M00025	13889.8951676	31724.6660199167	12153.28288	13865.07778	19297.6814221429	27539.300044	7053.2661630625	6367.2863189375	33804.6484019286	14726.3258718125	8729.883328875	22408.5064899	21555.122792125	44346.3797895455	17184.251008	2707.49584141176	10782.3991365333	50089.46904875	11148.8859486	41253.2537106	8192.68263205882	7655.36840475	15407.2312302	14051.8541575882	17659.6743857143	48291.1949858333	42286.593453	5171.30987457143	28921.2246733571	21141.3128109412	56092.84065825	9444.14574083333	16083.3022921765	2706.51357571429
M00026	111145.2125	255098.614583333	74794.3875	74621.4807692308	120825.9375	165744.5546875	52920.453125	44296.97265625	203994.75	120341.76953125	56692.96875	133446.71875	145794.01953125	283421.0625	121846.625	16770.4411764706	85012.3708333333	268819.25	74761.825	307832.758333333	62945.5955882353	59771.5703125	110709.191666667	115087.408088235	125768.15625	297087.546875	221554.114583333	36898.8169642857	199705.513392857	155120.511029412	395382.270833333	60434.9375	99838.8713235294	19911.2723214286
M00027	7402.49227966667	17874.6131719167	3696.90083833333	896.602934230769	6319.14601671429	13017.9004431875	1759.197726375	1940.8756438125	16677.1496543571	9149.701988	2884.063638625	10533.0875683	11681.35876425	22038.9341894545	8454.83638278571	958.941139235294	3236.9902014	25386.7749993333	4345.2895644	26960.8107430667	3268.23600517647	4380.3755925	6831.21287786667	7915.649882	6356.80972635714	19243.8817671667	9632.11553	659.523981285714	16267.8885875714	11401.3373926471	31797.3881186667	1429.55602341667	5315.22776194118	111.190483928571
M00028	26034.2	56848.0052083333	15385.0541666667	13799.1826923077	31642.5535714286	39473.49609375	10497.44140625	8570.45703125	43950.9553571429	26538.99609375	11087.9453125	28416.5625	32618.8203125	63897	31896.6160714286	3651.56617647059	15615.4666666667	57654.3385416667	13865.6458333333	68231.2916666667	12252.6507352941	12977.75390625	19953.9833333333	28230.9117647059	25263.2589285714	61294.28125	52650.6458333333	6889.33482142857	47587.6651785714	32845.4485294118	90242.171875	18728.171875	21946.8602941176	3221.15178571429
M00029	18458.62625	39727.727317	11804.5133810667	15248.7085801538	25676.3680754286	26933.4998806875	8597.3125	7394.2408535	28885.0342837143	18116.795682125	8851.3669573125	18722.6239528	23308.2360985	41624.5645467273	22553.7684387143	2856.57964723529	16672.769778	35131.350899	9894.09061746667	40224.6393355333	11239.3460387647	8185.3558105625	15688.7812131333	18982.3568913529	19873.2646283571	46634.027326	48199.4666401667	6708.04784421429	34759.8252370714	22557.4741604706	62016.6171580833	15004.3516345833	19913.3806541176	3966.57142857143
M00030	3030.39156546667	7432.13201358333	2365.7278776	2147.61630261538	3440.08527957143	5535.0121556875	1296.804093	1389.1148164375	6826.23589535714	3107.9002645	1303.809477375	4579.2093659	4467.018526125	8256.00691454545	3604.07878735714	414.417155588235	1964.50807033333	10292.3333333333	2172.26839906667	10339.6814874667	1746.84386217647	1692.2885191875	3277.64670586667	3010.07200370588	2893.03902878571	9957.967651	6818.94538783333	978.816269571429	6746.14551185714	4254.69610364706	12343.7909039167	1271.24389783333	3104.52044476471	458.542441071429
M00031	0	0	0	0	0.0571428571428571	0	0	0	0	0	0	0	0	0	0	0	0.0133333333333333	0	0.0133333333333333	0	0	0	0	0.0117647058823529	0.0142857142857143	0	0	0	0.714285714285714	0	0	0	0.0117647058823529	0
M00032	2867.30156366667	7625.66031258333	2441.5964274	2295.68493376923	4146.950579	5995.9555855	1508.2017004375	1528.287523375	9393.23705528571	3570.8338694375	1691.4386185625	5538.9518685	5867.21660225	11644.4693080909	3246.94453514286	689.352826235294	2160.72343353333	12388.6611166667	2260.7445896	8864.50556673333	1406.07331811765	1603.650451	2508.48306866667	2349.07959494118	3677.50619271429	8816.85913425	7737.951159	936.631275142857	7122.12273707143	5201.43362070588	13990.7290811667	1615.05539233333	4032.86035864706	350.925255928571
M00033	15045.0933333333	32173.15	11697.08	5864.87692307692	18383.9142857143	30092.6	5490.8125	6954.0375	41187.0714285714	17185.8	8131.875	24452.02	22513.075	48785.0181818182	15955.0571428571	2736.43529411765	12242.88	57842.9833333333	12827.9066666667	42491.44	9994.65882352941	9341.0375	12876.5333333333	17328.8470588235	17962.0857142857	44502.9666666667	37309.7666666667	3646.15714285714	33963.4857142857	17935.7294117647	59665.6666666667	8729.78333333333	14241.2470588235	1255.12857142857
M00034	9645.67980933333	18163.27593875	8648.1601604	12652.6969889231	13897.5173161429	13027.9972413125	5335.7040868125	4969.794331375	11369.2752816429	8146.4531069375	5471.6671248125	8013.2317097	9824.67570775	23523.6572514545	8804.49170642857	1099.26116141176	11442.5621094667	6963.9748785	5261.77566733333	13753.2683350667	6412.23401111765	2751.60334975	8268.91163986667	8129.85078094118	13719.3917850714	24151.6217201667	33927.4769588333	4942.69471407143	13556.4489411429	10287.8212164118	22383.33134	9024.16590916667	11965.5258854118	2283.63147342857
M00035	43245.7333333333	110749.783333333	25332.56	35605.7230769231	48588.6857142857	67337.5375	23368.2875	16684.85	85262.7285714286	46844.8375	17900.5375	58126.74	73897.35	124860.945454545	57329.0857142857	6850.07058823529	23261.3333333333	135450.333333333	22998.8933333333	130025.413333333	25061.0705882353	25559.3	43830.32	44847.2588235294	46971.8	125898.55	86925.4666666667	13995.8857142857	88496.4857142857	69113.6941176471	195825.066666667	13694.9333333333	48511.2	8690.11428571429
M00036	7230.11067233333	25983.0856375833	6390.101003	981.313055076923	9003.62454142857	15059.151402625	2465.1850348125	2631.62866175	19351.4832807857	8746.11756325	2663.935286125	11525.5300955	19012.0367204375	25302.51613	9542.27725421429	1278.58284988235	5923.2948884	27503.3486475833	4679.7617282	26139.5094304667	5382.25908811765	3817.1078530625	6813.9817662	6441.86351576471	12731.6087861429	17920.8907196667	16938.6862951667	1374.22994407143	21634.1347706429	12369.4386516471	34089.2991969167	3486.62030841667	8799.71754870588	194.3129925
M00037	0	0	0	0	0	0.03125	0	0	0	0	0	0	0.046875	0	0	0	0	0.0208333333333333	0	0	0	0	0	0	0	0.0208333333333333	0	0	0.0178571428571429	0	0.0416666666666667	0	0	0
M00038	0.98	0.416666666666667	1.56	0.469230769230769	7	2.7375	0.1	0.66875	1.42142857142857	0.09375	0.6875	0.75	17.03125	0.3	2.65714285714286	0.541176470588235	0.26	10.9666666666667	0.52	2.09333333333333	2.48823529411765	0.10625	0.846666666666667	0.123529411764706	0.242857142857143	1.775	11.6333333333333	0.528571428571429	1.83571428571429	2.31176470588235	0.633333333333333	0.716666666666667	0.558823529411765	0
M00039	0.1047618	0.08333325	0.0761904	0.373626	0.489795428571429	0.196428375	0.24999975	0.124999875	0.2142855	0.0624999375	0.0267856875	0.3428568	1.0267846875	0.246753	0.0102040714285714	0.168067058823529	0.0190476	0.571428	0.0380952	0.0571428	0.142857	0.017857125	0.0285714	0.0840335294117647	0.183673285714286	0.142857	0.285714	0.173469214285714	0.102040714285714	0.0504201176470588	0.13095225	1.238094	0.151260352941176	0.0204081428571429
M00040	0.373333333333333	0.516666666666667	0.4	0.8	0.514285714285714	0.7	0.1875	0.325	0.4	0.05	0.3875	1.12	2.0625	0.890909090909091	0.228571428571429	0.611764705882353	0.0666666666666667	0.25	0.0133333333333333	0	0.2	0.1125	0.133333333333333	0.0941176470588235	0.785714285714286	0.183333333333333	0.333333333333333	0.3	0.385714285714286	0.0352941176470588	0.15	2.23333333333333	0.894117647058824	0
M00042	0	0	0	0	0	0.020833375	0	0	0	0	0	0	0.0312500625	0	0	0	0	0.0138889166666667	0	0	0	0	0	0	0	0.0138889166666667	0	0	0.0119047857142857	0	0.0277778333333333	0	0	0
M00044	0.222222133333333	0.638888583333333	1.6666662	0.192307615384615	5.97619042857143	0.97916675	1.40625	0.4270833125	0.607143	0.09375	0.375	0.4833332	9.8541705625	0.393939	0.238095285714286	0.980392117647059	0.1	4.125	0.2	1.51111086666667	0.715686529411765	0	0.544444266666667	0	0.749999642857143	0.1944445	0.861111833333333	2.28571528571429	0.964285571428571	0.911764823529412	0.472222166666667	0.388888666666667	0.823529411764706	0.214285714285714
M00045	26570.8	103169.666666667	15316.65	3524.51923076923	26191.0714285714	65694.28125	12093.03125	8273.46875	69489.4642857143	40993.375	11690.90625	46804.125	62392.640625	97156.9545454545	39318.625	5690.70588235294	11943.4	117711	17788.2666666667	118773.933333333	14205.7352941176	19751.921875	28795.7666666667	30738.6617647059	33219	81004.8125	43512.25	3063	84688.1607142857	54342.7058823529	150260.229166667	5348.04166666667	28948.7058823529	538.642857142857
M00046	31.3999744666667	102.222149416667	135.177713733333	26.8974473076923	197.428528714286	54.9582890625	44.81245725	69.270792375	214.952262642857	92.624983875	82.4374683125	154.7998752	120.395790875	39.5757355454545	73.3809210714286	4.82352605882353	33.0444172666667	59.0555101666667	21.5333288	47.9999805333333	51.8431097647059	20.2083151875	52.1555238666667	102.882269352941	516.356668428571	106.999893	154.611142	59.1189997142857	171.499848285714	22.4313637058824	75.33334175	47.9166765	25.5882333529412	1.92856992857143
M00047	88.9776888	131.52764625	290.6219316	132.82038	95.428476	52.24994775	30.9374690625	171.541495125	25.3571175	125.41654125	83.541583125	111.2332221	122.6457106875	135.333198	282.8806695	223.411541294118	151.9331814	84.44436	62.6221596	57.2666094	60.5881747058824	37.1874628125	12.6888762	63.5097404117647	61.2142245	954.4990455	315.999684	115.1189325	301.8330315	111.490084588235	317.30523825	21.999978	40.9215277058824	18.619029
M00048	80289.8433333333	216154.170833333	53150.13	48194.6807692308	84807.1714285714	135866.946875	39325.55	32073.1125	168853.928571429	95140.203125	41250.859375	106791.135	121903.465625	225713.1	91961.8464285714	13521.6588235294	55073.8466666667	252806.6	54686.31	260068.6	46482.9264705882	49344.928125	82251.9133333333	84609.3794117647	95557.3142857143	234391.116666667	170537.9	25013.6464285714	163044.357142857	124497.417647059	331059.345833333	32122.75	76337.5235294118	13507.175
M00049	47956.5919284667	122157.0344705	32736.0980166667	32173.7050792308	52922.9550212857	80063.7700578125	24639.8338940625	20701.2417195	105647.100598286	56995.7584516875	26638.010178125	63177.6413956	71423.0443474375	131404.644407818	51221.7652255714	8395.48683788235	35354.0969694667	142058.345954417	32885.0424015333	158469.658834333	31456.7031035882	29628.425648625	47121.7589290667	50481.8915719412	62523.7845142857	146187.23319175	104221.624978	16648.6838167143	95935.0806735714	75209.5777592941	202793.252216	23424.4350746667	46428.1677032353	9318.44865357143
M00050	43478.9270528667	96787.66961825	29299.4882802	31283.1285123846	47711.5285344286	67585.2333825625	21252.8560821875	17247.2326844375	103288.470589357	48349.4077435625	22852.386692375	59906.9760372	61344.2983789375	114796.469232909	41585.4595562857	7389.997044	34444.3195556	138290.430794917	29577.1548358	145247.330789933	29706.8018427647	28815.509307125	42154.2609160667	46839.3440093529	58010.1553673571	136935.084114833	88040.3814505	14466.7204037857	80890.2057391429	68162.472735	175266.457671167	19129.159015	40506.5524248235	9172.31775964286
M00051	56552.3017185333	119124.339516667	39869.2263421333	42312.7488389231	65463.7236537143	86252.234797375	29405.1792510625	22663.2296373125	117022.118124429	61815.9428263125	28604.4066715625	68478.2289345	73989.044834	150066.734324818	53538.0034087857	9184.13416894118	53477.8275323333	141291.986458917	38612.1645972	163513.143211133	35636.3791735882	32767.826602	55099.4662506667	56534.817538	68387.3337491429	153282.158350417	117354.081064167	20700.6483057143	100115.885915286	84726.5672382941	197255.336038833	27720.2081256667	54912.9473201176	11515.7694987143
M00052	15291.9333333333	39187.3650184167	10209.7	13442.2307692308	17625.9285714286	23546.78125	8662.3125	6650	31548.8571428571	16776	8497.59375	19630.15	21500.9375	39469.2272727273	16370.3928571429	2611	10908.3333333333	42406.875	9706.13333333333	45407.7	8850.76470588235	8555.875	15334.3666666667	15083.1764705882	17207.7857142857	47798.625	36459.9166666667	6250.96428571429	28846.3571428571	22745.6176470588	61217.125	6929.625	16037.1764705882	3907.57142857143
M00053	37762.1522144	96912.1648545	23897.7452822	15426.67438	40610.020305	63012.281506125	15840.1329200625	14383.2988583125	80580.0545108571	44391.85552925	18542.9194306875	47743.4238717	55923.777961875	102372.172398182	43084.6405899286	6501.25815258824	24540.9900482667	111579.833567667	24645.9234340667	124517.300203067	22138.6559777059	24690.2206784375	33333.8388891333	43311.5147252941	48170.6431329286	103062.802104667	74481.9261298333	9439.29043392857	75089.9899259286	56942.5382751765	151988.964883333	21122.7327835833	31131.7410560588	4130.66230207143
M00055	0	0	0	0	0	0	0	0	0	0	0	0	0	0	0	0	0	0	0	0	0	0.0048076875	0	0	0	0	0	0	0	0	0	0	0	0
M00060	56738.9333333333	221348.475	35014.8933333333	7491.95384615385	50659.5857142857	140612.3	21378.81875	18228.6	141265.385714286	82509.7875	21483.2375	83572.79	114830.68125	224183.045454545	85190.5714285714	11208.9117647059	35273.7533333333	195558.3	37755.9533333333	234873.32	36486.8588235294	39783.975	57606.3533333333	64442.4941176471	78177.5071428571	159100.333333333	79028.8	5608.58571428571	149853.607142857	100012.947058824	311361.525	15324.15	56071.6647058824	1642.6
M00061	25415.8666666667	21235.0833333333	23638.1333333333	5509.76923076923	36825.4285714286	46693.875	11558.125	19672.3125	96846.4285714286	38932	30378.6875	51974.5	33201	58532.6363636364	12726.2142857143	6440.05882352941	6190.06666666667	141700.583333333	32051	106245.266666667	11212.9411764706	27163.6875	22530.3333333333	39939.3529411765	36516.5714285714	110597.083333333	65039.6666666667	10699	51870.4285714286	39018	91238.9166666667	19032.3333333333	12942.4705882353	457.714285714286
M00063	29874.2666666667	98958.25	17183.5333333333	3839.15384615385	26791.8571428571	63620.4375	11056.3125	9559.1875	79233.0714285714	42236.4375	13747.4375	46374.1	55970.0625	98977.5454545455	37412.7142857143	5790.88235294118	15310.6	117402.333333333	21230.0666666667	129278.066666667	16004	24223.3125	29755.5333333333	36045.3529411765	36645.3571428571	92728	41988.5	3286.85714285714	73925.2142857143	55004.3529411765	150398.833333333	6012.25	24982.2941176471	599.428571428571
M00064	6112.66666666667	4131.54166666667	5873.15	1288.36538461538	5614.35714285714	6302.328125	1522.28125	3040.84375	8667.875	5222.546875	4030.796875	3870.3	3782.375	11346.3863636364	1333.42857142857	593.544117647059	7192.2	6150.27083333333	5093.96666666667	11205.6666666667	7406.14705882353	2157.15625	3386.35	5265.72058823529	12876.4107142857	7580	11110.25	1514.92857142857	7127.28571428571	4711.83823529412	11249	9362.5625	2245.20588235294	342.75
M00066	0	0	0.0666666666666667	0	0.214285714285714	0.0625	0	0	0	0	0	0	0	0	0	0	0	0.0416666666666667	0	0	0	0	0.1	0	0	0	0	0.0357142857142857	0	0	0	0.0833333333333333	0.0294117647058824	0
M00072	14.5083333333333	0.0104166666666667	0.00833333333333333	0	0.857142857142857	0.0234375	0	0.015625	0.0267857142857143	0.0234375	0	0.0375	0.078125	0.0340909090909091	0	0.00735294117647059	0.025	27.78125	0.0416666666666667	0.00833333333333333	0.147058823529412	0.015625	0	0.00735294117647059	0.00892857142857143	0	26.7708333333333	0	0.276785714285714	0	0.0104166666666667	2.27083333333333	0.0882352941176471	0
M00076	1174.56	694.1	928.04	207.2	1613.31428571429	1768.7875	277.45	552.1125	4566.35714285714	1501.575	879.875	2312.88	2514.3625	2800.2	389.442857142857	254.376470588235	165.586666666667	8177.31666666667	1136.13333333333	5703.50666666667	561.552941176471	1512.1625	1118	1621.17647058824	1192.95714285714	7117.98333333333	1850.4	257.785714285714	2056.3	2078.31764705882	4078.9	391.633333333333	499.705882352941	12.5714285714286
M00077	1468.2	867.625	1160.05	259	2016.64285714286	2210.984375	346.8125	690.140625	5707.94642857143	1876.96875	1099.84375	2891.1	3142.953125	3500.25	486.803571428571	317.970588235294	206.983333333333	10221.6458333333	1420.16666666667	7129.38333333333	701.941176470588	1890.203125	1397.5	2026.47058823529	1491.19642857143	8897.47916666667	2313	322.232142857143	2570.375	2597.89705882353	5098.625	489.541666666667	624.632352941176	15.7142857142857
M00078	2275.8199464	1592.4984075	1481.8059256	352.461186	2565.965688	3825.010063875	616.3882725	982.8323505	10147.323186	2849.622150375	1870.331463	5139.439305	3055.177500375	5340.49971	865.284849	565.019042823529	334.3922582	15330.2994845	2339.5384012	11174.1666036	963.240866823529	2845.955487375	1934.1165844	3535.17293541176	2575.362504	10975.83161675	4129.403278	337.745694	4152.503784	3948.218274	9063.9353805	460.110651	950.064409411765	27.93648
M00079	13022.9333333333	61355.3125	6493.1	1457.59615384615	11774.5714285714	33597.359375	6123.75	4391.921875	31518.5535714286	21228.40625	5883.859375	20239.95	30418.015625	49894.8863636364	23025.3214285714	2663.98529411765	3233.96666666667	50841.1875	8003.75	61495.1166666667	6370.54411764706	9524.8125	14455	15103.5294117647	15407.8035714286	41116.9166666667	18033.0416666667	1508.07142857143	40029.5357142857	26701.7647058824	84809.3333333333	1899.52083333333	14115.2941176471	288.821428571429
M00080	2064.25186626667	9445.085494	1883.98939946667	390.903972538462	1364.11909842857	6548.624938375	548.0109391875	449.7969924375	3436.81626878571	2211.001641125	127.3386215625	2348.9084374	4462.5201258125	11034.5358133636	2638.061513	288.946022588235	3978.2782942	2401.62497441667	1079.33376333333	4657.86265153333	1766.44648323529	957.557972375	1687.54606986667	1779.88377705882	4142.77910278571	2624.85511625	2420.56978866667	108.035852428571	4719.98977185714	2391.06311588235	6436.21453491667	1019.5972205	2410.15650411765	42.0119577857143
M00081	1788.15401026667	1156.7210655	1112.3099988	382.564071076923	1923.664743	3090.2892401875	488.4370889375	737.332596	7611.278103	2137.1853628125	1442.2695093125	5616.8329986	2292.4352075625	4811.90669754545	688.261333857143	423.960360352941	245.444199	11499.2662785	1754.7982452	8380.7471748	723.391433470588	2214.8313583125	1450.4207718	2800.64470529412	1931.7361635	7980.40868625	3063.441381	253.8330795	3114.2826	2961.27154852941	7366.02211508333	443.499838583333	744.607194294118	20.95236
M00082	35304.7217154	118525.0281205	23897.6693124667	25382.2642298462	36935.7040524286	63315.683979125	19287.5845430625	13458.1678268125	55457.6336569286	45267.7496400625	15266.225708875	39535.612111	58920.209253125	114393.342913818	50849.6823996429	5334.79532811765	31361.0887104667	66409.6995499167	19526.0361847333	106678.088021867	22865.6840968235	16461.6644611875	35201.5710562	33856.6927963529	47321.4149127857	87154.4979345	72869.9122875	11678.3110677857	82239.3676262143	56559.8441252353	163400.25482375	17721.90036725	40835.3188135882	6524.6510245
M00083	56464.3867764	215671.681453583	37753.8734864667	34072.3069473077	57611.4898392857	120271.25746875	30553.57926225	22122.1464880625	87387.6511767857	77246.1445718125	23824.7693233125	63772.3485535	108467.208780937	202254.639901818	94280.4492037143	9120.19427652941	44194.7894665333	112833.30448175	31247.2678452667	184487.133462667	36523.6685578235	24938.329090125	58444.4937337333	52801.1275335882	76408.1080463571	140773.541550167	114355.068393667	16853.0400712857	147174.147139143	92275.0460186471	302275.05358775	28116.9115943333	69988.6846387647	8788.095881
M00086	14384.8	49111.4166666667	8121	5476.11538461538	12918	27874.21875	6144.34375	4140.25	30127.1785714286	18279.75	5271.15625	19043.5	25222.0625	46111.2272727273	19074.1071428571	2388.85294117647	9681.16666666667	42205.7083333333	8755.43333333333	52629.4666666667	7941.44117647059	9183.5625	15052.8333333333	15197.4117647059	16273.9642857143	38923.25	21289.75	2496.10714285714	32949.3571428571	24594.2352941176	66957.1666666667	3234.91666666667	13825	1458.85714285714
M00087	2.03859566666667	5.40789708333333	8.28771526666667	5.94736792307692	14.0827077142857	7.9046048125	1.4835514375	3.4868393125	88.7368522857143	1.8881571875	0.89144725	17.9578972	21.4835531875	9.00477881818182	2.86842185714286	3.84829676470588	1.19648993333333	14.47367225	1.93333186666667	1.66315913333333	4.356038	0.6743418125	1.05964826666667	0.557275588235294	2.6842095	11.50438575	22.412288	3.23308492857143	6.28195342857143	2.45201276470588	7.99999541666667	16.9956121666667	3.88854488235294	0.962407714285714
M00088	2848.49333333333	2846.65	3286.78666666667	5837.01538461538	5134.74285714286	2077.8125	2667.7125	2498.0375	3376.74285714286	1886.3875	2566.2	2852.22	2132.5625	4881.74545454545	1879.92857142857	494.952941176471	3570.72	2121.55	1743.01333333333	1537.58666666667	1730.16470588235	588.275	3063.98666666667	2110.11764705882	5301.27142857143	8047.9	14362.6333333333	2721.14285714286	3299.2	2325.69411764706	3750.4	3093.25	4456.55294117647	1456.97142857143
M00089	7024.78964606667	12760.8080851667	5089.27501353333	7986.40730392308	10589.1805771429	10501.2818853125	4347.041605125	3833.7934195	14101.656976	6688.346964875	4650.4233325625	7782.6831532	7743.357328125	17915.6693124545	7732.165507	1244.01106364706	5508.51169286667	15246.64743325	4446.9981802	16317.1596894667	4098.30498405882	3350.23113975	6131.20235613333	6682.249106	7780.65867607143	22604.429508	20157.3345563333	3611.95974235714	11618.2251221429	8338.17905764706	25220.2093671667	7017.14487941667	7933.75962311765	2174.41210335714
M00090	535.16	405.133333333333	321.333333333333	1565.81538461538	837.428571428571	101.5625	519.9875	177.5	595.914285714286	115.7375	195.8625	376.16	225.8	834.090909090909	253.585714285714	48.3882352941176	952.226666666667	182	121.133333333333	211.6	307.917647058824	96.5625	543.68	263.811764705882	282.242857142857	1781.28333333333	1783.76666666667	479.285714285714	214.671428571429	540.694117647059	736.25	228.283333333333	934.270588235294	473.957142857143
M00091	0	0	0	0	0	0.046875	0	0	0	0	0	0	0.09375	0	0	0.0294117647058824	0	0.0208333333333333	0	0	0	0	0	0	0	0.0208333333333333	0	0	0.0178571428571429	0	0.0625	0	0	0
M00093	16902.5840586667	28394.2919749167	13562.4459758667	15457.4643992308	20140.57747	30804.8565288125	8644.0443889375	6722.356543125	44837.4646301429	17415.881657375	9567.5035230625	27699.1389555	19353.0096765	43721.4368612727	13579.1009332143	2843.47178170588	11520.5378259333	51159.4144685833	12397.670617	50348.7766341333	7709.10189376471	10816.921674375	15542.4071244667	18176.3205694706	18121.4102928571	53408.7726911667	36557.9016886667	5559.74058435714	25990.4891857143	22426.4818014706	57664.2444751667	7360.36210091667	16027.2008471176	3648.26331342857
M00095	2912.9	1670.28125	2889.375	6247.26923076923	4164.01785714286	1462.9296875	2300.2578125	1191.5234375	2270.5	1749.421875	1880.375	2052.375	1573.203125	3452.34090909091	1820.08928571429	521.132352941176	3640.69166666667	2201.8125	1097.18333333333	1360.75	1078.80147058824	423.2734375	2300.03333333333	1822.58823529412	2846.30357142857	3743.76041666667	17927.4375	2160.92857142857	2830.75892857143	2119.66911764706	3548.17708333333	2932.9375	4133.36029411765	998.821428571429
M00096	101296.8	253202.083333333	60931.1726898	68758.2350928462	108837.256959857	146224.237316188	51134.875	35310.0234971875	181498.390045286	98821.2596546875	48205.3125	123569.5	134977.268218625	259564.176807	108576.722016071	14449.7919847647	66179.1250719333	250637.613449833	57141.8124611333	285249.5202032	48455.1794939412	53031.6418716875	99605.5862258	102122.68247	100221.511469143	267964.37566025	196709.168926667	30978.264961	187081.071428571	134646.434979353	359532.067632667	44218.9360818333	96095.1648453529	19025.0491905714
M00097	10.1222139333333	2.40277658333333	11.1222417333333	0.846153	2.28571885714286	20.5625193125	0.2083335	15.4687635625	228.607423928571	2.4166645	0.2708335	14.9666572	99.145821125	10.545444	19.5475995	0.607843705882353	8.0888808	661.930217416667	0.933333466666667	883.3773204	783.793677117647	1.312502	0.288889133333333	11.7254921176471	925.690047428571	142.0138305	14.1944655	0.7619045	0.488095428571429	299.960484352941	2075.74852066667	310.819766416667	1.51961064705882	39.0476971428571
M00098	0.0181818	0.00757575	0.0121212	0.013986	0	0.1079544375	0.02272725	0.0454545	0	0.011363625	0.0056818125	0.0090909	0	0.00826445454545455	0	0	0	0.02272725	0	0.030303	0.0695186470588235	0	0	0	0.0064935	0.17424225	0.030303	0	0	0.0160427647058824	0.0151515	0	0.0213903529411765	0
M00099	0	0	0	0.0192307692307692	0.0714285714285714	0.046875	0	0	0.0625	0.0078125	0	0.025	0.1953125	0	0	0.0661764705882353	0	0	0	0.0666666666666667	0	0	0	0	0	0.84375	0	0.0982142857142857	0	0	0.0104166666666667	0	0	0
M00101	0	0	0	0	0	0	0	0	0	0	0	0	0	0	0	0	0	0	0	0	0	0	0	0	0	0.030303	0	0	0	0	0	0	0	0
M00104	0.00555553333333333	0.00694441666666667	0.0111110666666667	0	0.0238094285714286	0	0	0	0	0	0	0.0166666	0.0052083125	0	0	0.00490194117647059	0.00555553333333333	0	0.0111110666666667	0.0222221333333333	0	0	0.0333332	0	0.00595235714285714	0	0	0.0119047142857143	0.00595235714285714	0.00490194117647059	0.02083325	0.0138888333333333	0	0
M00107	0.0222222	0	0.0444444	0	0	0	0	0	0	0	0	0.0333333	0.0624999375	0	0	0.0196078235294118	0	0	0	0	0	0	0	0	0.0238095	0.111111	0	0.047619	0.0238095	0.0196078235294118	0	0	0	0
M00110	0.0166666666666667	0	0.0333333333333333	0	0	0	0	0	0	0	0	0.025	0.046875	0	0	0.0147058823529412	0	0	0	0	0	0	0	0	0.0178571428571429	0.0833333333333333	0	0.0357142857142857	0.0178571428571429	0.0147058823529412	0	0	0	0
M00112	0	0.5625	0	0	0	0.03125	0	0	0	0	0	0	0	0	0	0	0	0.0208333333333333	0	0	0	0	0	0	0	0.0208333333333333	0	0	0.0535714285714286	0	0.0416666666666667	0	0	0
M00113	0.2814812	0.13888875	0.4962958	2.102562	0.523809	0.680554875	0.1458331875	0.1597220625	0.349206	0.4374995625	0.2152775625	0.6555549	1.263887625	0.454545	0.349206	0.169934470588235	0.0666666	0.60185125	0.3481478	0.2370368	0.464051823529412	0.041666625	0.1629628	0.0915031764705882	0.15873	0.37037	1.5740725	0.190476	0.333333	0.215686058823529	0.54629575	2.629627	0.248365764705882	0.0396825
M00114	14974.575	51027.984375	9813.70833333333	1997.76923076923	12835.2678571429	28326.15625	4628.2734375	4561.83984375	27022.8348214286	20258.6015625	5051.19140625	20678.84375	28434.73046875	51209.6136363636	20194.8125	2208.29411764706	7492.69583333333	49210.7604166667	9478.80833333333	51856.0958333333	8122.45955882353	7253.23046875	13836.8541666667	14716.6213235294	16323.5089285714	34968.7760416667	29662.6770833333	2009.36160714286	38060.1160714286	22993.0257352941	79970.3385416667	6162.140625	13869.8933823529	275.285714285714
M00115	67988.2970456667	158754.169316167	42039.4360736	41450.1167984615	77094.502645	107581.127106688	32336.683960875	26847.094174375	149366.669116643	72782.205500625	36343.5961311875	89159.4148599	95128.194426125	179979.614412182	71922.3181095	11432.9013662941	45232.4646816	205095.962754083	44949.6851125333	212933.342495333	32992.9057067647	43986.57043125	63331.3819838	74899.4345571765	70594.664827	190908.41651675	138467.165935	20342.3920027143	128494.796926	99266.2033277059	251486.463523667	33152.9340969167	61038.5647949412	11023.6348066429
M00116	17586.3857262667	51710.9017565	11700.1059285333	2420.070518	12687.04253	31585.1154129375	4951.0072893125	4841.921675875	32137.942622	21565.158628125	4499.6831635625	19503.0591235	27106.3265148125	56281.921598	21164.2060018571	2505.42308552941	18811.5314530667	41289.0239396667	11015.8936925333	60867.1668572667	13446.7841477059	9840.088836875	14127.4117056	17291.9891993529	24423.0396920714	39150.766593	22656.3538141667	1931.76677392857	35527.8617348571	29515.91565	70387.9576280833	5924.43327366667	12852.5761192941	505.331391142857
M00117	16648.2441457333	81681.4838919167	10790.9936799333	7965.58338507692	15555.1161608571	52016.5323411875	8419.9906783125	5310.335023	28005.0305181429	21450.3887036875	4634.5299233125	22068.8825184	37959.459775	78729.3354863636	31980.0768913571	2987.56297741176	10481.3080256	39409.6706465833	7642.23981653333	54930.4354708667	8099.39054476471	7279.0594820625	17682.8681728667	14810.7978575882	20396.752497	41843.961689	25515.6573865	3231.42212921429	47187.1971184286	25954.9474573529	91893.986953	3824.167376	24243.9867403529	1768.58844514286
M00118	39.65	37.5833333333333	94.8333333333333	4.88461538461539	52.3214285714286	25.890625	9.046875	66.4375	9.69642857142857	32.53125	31.140625	46.925	79.25	37.4772727272727	91.5357142857143	1.94117647058824	30.9	53.125	27.1666666666667	17.2666666666667	24.3088235294118	1.984375	6.48333333333333	28.5147058823529	31.5892857142857	276.375	168.041666666667	39.75	140.464285714286	32.6911764705882	103.208333333333	16.1458333333333	7.52941176470588	1.08928571428571
M00119	33022.2645688667	116447.1566605	24517.6568596	11766.0850371538	35907.3665894286	67008.2544466875	16624.99335	16520.097558625	60932.5351507857	47674.8246800625	20219.9398286875	40225.0672433	58273.3621073125	105188.215500455	44519.5655255	9518.77070229412	26596.9893612	81622.25901775	24676.4901294	115429.398272667	23234.5985492941	18901.7111893125	33199.0978314667	35436.7015115882	48591.3496110714	87157.8818035	65187.8905915	10273.0911288571	81263.6579707143	54881.2525572941	155286.882329667	19735.3393280833	32556.9477615294	4106.2483575
M00120	28607.9383534	98202.8247048333	19916.2914344667	26003.9258353846	30762.8197265714	45107.642160375	18304.85934325	12938.4029635625	36564.1824903571	30675.30142025	13381.9142865625	29083.5018154	45736.7564966875	84957.5194623636	40146.5091368571	4109.88388417647	26183.9128492667	44427.0324821667	15344.5281414667	73257.79583	15538.0215113529	10826.083069125	30609.6599634667	23911.808713	35385.6374554286	61761.0027881667	67299.1767523333	11671.8271187143	61801.9204959286	42055.252929	117767.9604855	15257.3390548333	34550.7735179412	6482.74937592857
M00121	23565.5926952667	52049.6644749167	18734.3393362	26803.0126104615	32160.177688	34101.957089875	13107.0459505625	11042.3495338125	38058.9535574286	23992.1646366875	12247.3027028125	25688.722602	32017.099076125	62691.5130184545	24925.2944474286	3414.28694935294	25152.6996201333	41856.7778135	13452.4849734667	50906.0824988	13110.8741425882	9281.5376921875	20984.9752704	20375.3956136471	28681.2610067143	63247.2825380833	61776.9120426667	11504.3180725	44822.4181211429	31014.3937132353	75109.39277975	13104.2418741667	28617.7732187059	5619.25723764286
M00122	31554.756609	45750.8544106667	25808.5251704667	34673.7022144615	40008.3261977143	35113.57097375	17601.650862375	14438.70504025	52022.392111	28564.38316125	16699.233937875	32052.8503304	30525.43622625	76110.5705529091	19842.5685832143	4141.90961711765	44691.3312874667	44565.842643	21900.1544053333	59572.6096133333	21174.2989333529	14881.226474	28332.0673541333	29182.8710830588	42575.9523248571	80518.9637736667	76581.3151538333	16005.2659712143	43389.0558159286	37411.4420615294	61723.83994975	19692.8204413333	34838.3969411176	9707.94721814286
M00123	13972.2	9876.58333333333	11558.5333333333	10003.1538461538	12180.8571428571	10520.375	4211.0625	3910	19313.2142857143	9846.0625	3629.1875	9347.8	8260.8125	29715.7272727273	3827.35714285714	1277.17647058824	26779	9065.33333333333	9844.53333333333	24544.6	13416	6785.375	10558.0666666667	12465.8235294118	21358.1428571429	22088.3333333333	24624.1666666667	4038.5	10993.7857142857	15345.4117647059	12754.3333333333	9450.41666666667	8792.35294117647	2852.85714285714
M00124	29709.0014060667	102892.89038025	17654.5303442667	11071.3955683846	29015.4891307143	70827.4586691875	13699.18404625	11348.99639175	69729.09293	38225.99729775	14455.7979673125	45928.5570836	57049.6125968125	102566.668842182	40669.5253301429	5730.92938629412	12988.7547855333	104546.142474417	18890.5479993333	121658.1318204	16849.0128682353	19713.328373625	29190.3474855333	32551.7440892941	38960.5967999286	91884.1333205	51161.0663691667	6116.36831707143	74252.4391546429	53644.8314832353	162550.913131833	9533.72023483333	30430.8420965294	2555.70206392857
M00125	30408.0019278	71785.19914975	20584.0604996	22552.0061307692	33574.2705684286	50240.299607875	16484.2464285625	12590.5428566875	57460.7128659286	34592.3744385625	15089.010738125	38331.9961161	41342.3714613125	83785.9106946364	31512.4623757143	4652.81392776471	23033.7913560667	80815.98251575	18905.3685126	85726.6971296667	15741.6220906471	15609.6149538125	25629.5942832	27077.2934584118	32646.003378	81147.9851736667	65084.0150933333	10495.6906027857	63093.0047983571	38768.1833304706	111773.742934667	15805.0007498333	33835.9078182941	5224.06963028571
M00126	33956.4056107333	142812.24996625	19404.0479188	13657.3487336923	30835.231625	75449.2382381875	16340.6419641875	10617.2521793125	62523.148067	48404.9856531875	11990.665699625	45516.4380493	70227.764936375	123700.733309091	55690.5106134286	5951.20765129412	23176.5137113333	86980.21769225	18328.0212946	127709.7568078	18783.0236721176	18902.1819839375	36545.0867746667	34565.1455770588	41765.0141396429	89550.2707639167	58148.9623971667	6987.44106121429	92157.7305994286	62395.6440643529	189550.885746833	9112.39717116667	39295.5227101765	3268.02052885714
M00127	27085.4166666667	50043.90625	16806.9333333333	22109.7596153846	33826.1071428571	31993.6328125	12860.15625	9449.9609375	43147.7678571429	23310.1171875	12239.84375	28703.5	28331.515625	58941.5909090909	28079.4196428571	3584.11764705882	19617.3416666667	55319.46875	16118.0416666667	58924.1083333333	12642.5	12815.15625	26152.1416666667	27456.2132352941	21403.0357142857	67188.6458333333	55650.2083333333	9724.77678571429	37977.8125	31776.3602941176	75504.375	16670.0520833333	23810.0735294118	6305.22321428571
M00128	0.400000466666667	0.291666833333333	1.3333326	0.512821230769231	0.714285428571429	0.5625008125	0.145833625	0.1354168125	0.880952785714286	0.0104166875	0.0833335	0.9999993	0.5729175625	0.454545545454545	0.119047714285714	0.117647058823529	0.0444445333333333	0.2222225	0.122222466666667	0.0111111333333333	0.205882764705882	0.0104166875	0.155555466666667	0.0294118235294118	0.738094714285714	0.12500025	2.4999975	0.440475785714286	0.130952642857143	0.00980394117647059	0.0138889166666667	1.37500225	0.813726411764706	0.0357143571428571
M00129	8928.03079506667	17676.6152529167	7545.81135486667	1599.08750715385	10308.3295557143	17916.53745975	3320.1167784375	3531.729416125	26738.3657864286	11458.7951783125	5114.7465059375	16301.2333602	14475.525367625	28411.6241055455	7294.41329364286	1795.18432958824	7029.8254302	37190.6786108333	7859.40506286667	34368.5084886	6496.47550335294	7530.0827130625	8257.5098672	11339.2520531765	14229.9849167857	29474.3272218333	14964.3965758333	1684.31617564286	21010.2818718571	15651.5821126471	37816.6906886667	4528.34574691667	6804.49891	291.152923714286
M00131	1485.4556574	4718.26909125	863.7324696	189.758052	1284.81504171429	3045.8094541875	534.2583943125	471.5620284375	3941.91442542857	2012.3462019375	655.74934425	2220.7263507	2750.6668921875	4720.423851	1812.63084042857	291.915674470588	732.0659346	5892.041727	1013.1704154	6596.898165	1121.59551705882	1154.623845375	1431.8461872	1726.40163494118	2218.997781	4469.65029225	2437.3547055	157.826372785714	3524.36382257143	2747.51826088235	8093.83714425	518.9280525	1211.30130970588	62.9285085
M00133	17959.9022612	45634.0200899167	9721.21433313333	7602.91529538462	17242.1094595714	27610.2796241875	5823.26897325	5411.590863625	40421.4950282857	18855.9168136875	7095.2998270625	24500.0389607	29402.845108	50572.1029073636	17302.3681572143	2746.51338235294	9512.7172666	67763.0620031667	9287.0032068	55327.8250370667	11076.3228798824	9719.2515074375	14988.6378140667	17233.5386152353	20940.0263450714	46672.17637575	30223.0121451667	3660.68439007143	37056.9849504286	22558.1534654118	64534.64766675	7255.014172	15639.7627645294	1365.42763628571
M00134	1	1.79166666666667	1.4	3.57692307692308	3.85714285714286	4.4375	0.625	0.75	1.85714285714286	0.25	2.5625	3.85	1.84375	1.09090909090909	1.21428571428571	3.20588235294118	0.5	3.41666666666667	0.933333333333333	0.166666666666667	2.64705882352941	0.375	0.5	1.02941176470588	1.28571428571429	4.16666666666667	12.1666666666667	0.714285714285714	9.85714285714286	0.588235294117647	0.875	7.91666666666667	5.47058823529412	0
M00135	7705.96	21255.95	4692.48	1140.87692307692	8036.8	16931.925	2976.275	3156.75	27997.2857142857	11576.4	4977.5125	15681.06	14790.7125	24289.8545454545	8324.05714285714	1760.75294117647	1040.44	43639.6	6557.52	35876.76	3314.30588235294	7422.075	7657.81333333333	10990.3058823529	9845.57142857143	32433.75	12880.7	1189.75714285714	19889.1	15074.5764705882	42430.8	1263.13333333333	5884.04705882353	112.771428571429
M00136	0	0.9375	2.65	2	2.78571428571429	0.546875	0.921875	1.671875	1.08928571428571	0.0625	0.03125	0.75	3.171875	1.09090909090909	0.0714285714285714	0.470588235294118	0.0166666666666667	0.3125	0.0333333333333333	0.0333333333333333	0.235294117647059	0.015625	0.3	0.147058823529412	2.5	1.1875	1.58333333333333	1.07142857142857	0.142857142857143	0	0.104166666666667	12.7916666666667	0.823529411764706	0.0357142857142857
M00140	30365.7333333333	75310.1666666667	21170.1333333333	27217.4615384615	36145	48512.0625	17478	13595.4375	65158.2142857143	35071.25	17258.6875	39622.1	44189.3125	82694.8181818182	31930.7142857143	5121	26236.8666666667	83640.6666666667	20001.3333333333	91701.4	16660.4705882353	18298	29974.5333333333	31458.4705882353	35417.2857142857	97384.25	66807.6666666667	12699.6428571429	59557.6428571429	46516.9411764706	116054	12679.3333333333	32621.5294117647	7608.85714285714
M00141	3234.56666666667	8857.5625	1992.25	2323.15384615385	3426	5489	1612.78125	1118.796875	7503.39285714286	3753.9375	1470.65625	4490.125	5072.484375	9368.11363636364	3563.30357142857	550.014705882353	2535.28333333333	10140.1041666667	1956.48333333333	11092.8	1779.13235294118	2163.65625	3196.16666666667	3435.67647058824	3803.83928571429	10378.6666666667	5966.58333333333	956.446428571429	6682.44642857143	5318.19117647059	13608.8541666667	819.625	3294.02941176471	645.767857142857
M00165	42619.9791666667	116060.223958333	29602.0291666667	36800.4230769231	54698.8035714286	65800.203125	20428.703125	16960.15625	72374.2410714286	45981.47265625	21957.85546875	52480.29375	59052.0546875	114209.761363636	43121.1071428571	5821.17647058824	37427.4208333333	108164.442708333	23685.3833333333	101210.7625	22379.8823529412	18156.875	40748.5333333333	39209.5661764706	47639.2901785714	116772.40625	112336.302083333	17347.2857142857	81625.7366071429	49484.4007352941	153744.213541667	24854.2552083333	49530.5257352941	8713.04910714286
M00166	5187.84	15100.6833333333	3730.44	2399.10769230769	7542.05714285714	7993.15	1562.05	1544.6875	10263.3714285714	6146.9125	2223.075	7803.24	8674.225	16915.8	5808.41428571429	638.835294117647	4085.52	27484.4	3355.82666666667	12833.8133333333	2468.64705882353	2689.175	5202.13333333333	5861.67058823529	4318	15020.3166666667	20847.1666666667	1815.45714285714	9909.28571428572	5414.07058823529	20116.5833333333	3155.18333333333	5544.14117647059	600.057142857143
M00167	40076.8936551333	107604.168210833	27621.5578834667	39332.105145	50083.5741665714	61615.4259268125	21195.4788118125	16996.8953021875	64507.3172295	42281.9698963125	21375.980498125	46680.7224559	53052.31617525	102457.382893636	39649.7510764286	5538.60108641176	36108.3489931333	81056.8005630833	21453.436378	93043.6920942667	21611.4412246471	16001.7513779375	37974.4855476667	34802.5886437059	47584.9667878571	107915.117904333	92885.534102	16843.4346610714	76662.3978813571	47377.8528008235	142102.008683917	22805.9622635833	47539.8650921765	9221.57584364286
M00168	6411.73333333333	24895.125	3253.23333333333	772.961538461538	5492.14285714286	13817.53125	2695.1875	2039.03125	13319.9821428571	10176.3125	1921.109375	8259.95	14383.765625	24705	11446.3928571429	1143.77941176471	2619.7	22309.6666666667	3453.61666666667	27248.5166666667	4352.69117647059	4111.390625	6032.96666666667	6894.14705882353	8581.67857142857	17187.2708333333	8536.08333333333	650.303571428571	16928.6071428571	13267.9705882353	39569.3541666667	1693.625	7020.82352941176	211.142857142857
M00169	18787.5333333333	66018.6666666667	11826.1333333333	2636.23076923077	19218.1428571429	42992.5625	8284.25	8196.1875	51408.0714285714	29134.4375	11483.1875	30754.3	37422.1875	63148.3636363636	25823	3934.94117647059	6597.33333333333	78050.3333333333	14614.0666666667	83333.2666666667	9434.94117647059	15212.4375	19328.8	23544.9411764706	23866	63164.3333333333	31111.6666666667	3571.71428571429	50671.5	35185.4705882353	102111.25	5638.08333333333	16850.1176470588	396.714285714286
M00170	9790.36045073333	20186.5314545	6266.46954973333	6343.23394084615	10416.7671131429	13583.2741444375	4433.6058215625	3865.6269328125	18994.3648412143	11234.7139506875	4242.1257885	11734.3042084	13360.5683541875	26589.346628	10633.0053165	1504.43196694118	6913.4701234	27413.4025955833	6311.13552953333	27079.097991	4820.55097917647	5633.669099125	8549.75726213333	10028.8281586471	9135.43193564286	26328.20495775	18898.5650048333	3015.26323142857	16040.5517835714	14627.4582941176	34025.7903131667	3738.19598066667	9214.90656823529	1161.64257035714
M00171	7101.52	25145.5583333333	4244.44666666667	968.930769230769	6722.05714285714	15085.9375	3008.65	2789.41875	16151.5428571429	11045.1	3109.775	9816.02	14553.96875	25283.7545454545	10964.4	1321.92352941176	3303.56	25369.375	4669.10666666667	29297.9	4355.7	4936.2125	6711.74666666667	8151.34117647059	9512.97142857143	20294.7916666667	10866.7	1137.34285714286	18125.7785714286	13676.7705882353	39250.0583333333	2329.66666666667	6934.51764705882	200.478571428571
M00172	14098.25	43448.8333333333	8760.11666666667	1983	14424.6428571429	29045.0625	5888.515625	6170.0625	36899.0892857143	21855	7521.3125	21780.35	27512.328125	47370.8181818182	19491.4285714286	2824.38235294118	4957.6	58562.3125	10375.75	58448.45	6775.91176470588	11105.75	12959.6666666667	17333.2794117647	16940.3035714286	44872.2083333333	23430.375	2606.32142857143	34696.4821428571	26394.1764705882	72383.5416666667	3986.75	12683.4705882353	262.678571428571
M00173	119312.223897667	356672.792865417	82440.2349034667	47954.2594763077	123650.286522714	240007.617162688	53425.3005975625	50376.3150193125	270875.957246286	157606.2565305	60037.92866275	167329.9084859	200711.477111063	379992.539901636	148156.517881214	21145.6161464118	78015.1026082	374032.013389583	81321.2245234667	424989.8420926	71793.5437986471	75948.844462625	108950.346423267	130063.320632118	154828.921078071	352381.6686785	214447.962434167	30681.4813869286	281216.559608071	193777.874151412	555761.143358	48659.5187774167	112909.085258706	10226.6462395
M00174	1253.5944896	637.819875	899.628209266667	310.165489384615	1294.46752642857	2078.3097675	277.3462909375	570.3844200625	4743.04814792857	1189.711878	786.2784655	3137.9001183	1546.235547375	3147.38627281818	445.447449142857	221.975038411765	198.541055066667	6745.09584566667	950.446117066667	4377.47820986667	399.803075470588	1138.7108895	711.028239733333	1413.05158835294	1355.11451864286	5141.94712783333	2342.775756	182.032972928571	1897.31013057143	1573.72611511765	4279.56775566667	337.97427125	419.287504411765	17.9313036428571
M00175	99.1866666666667	333	425.373333333333	47.8	649.457142857143	209.4	107.8	219.175	220.771428571429	168.2375	182.575	638.22	281.5375	105.181818181818	213.542857142857	9.84705882352941	94.8533333333333	423.933333333333	44.7066666666667	137.4	154.529411764706	62.0125	152	298.211764705882	1482.52857142857	410.766666666667	501.766666666667	160.371428571429	705.957142857143	38.3294117647059	141.9	102.25	80.7529411764706	6.37142857142857
M00176	7371.86	17877.9833333333	5338.98	966.653846153846	4884.52857142857	11728.3375	1541.93125	966.45	8512.34285714286	7437.13125	365.1125	6073.53	10122.80625	23908.7272727273	7266.12857142857	663.476470588235	10187.4666666667	5919.01666666667	3783.22	17954.0266666667	5099.52941176471	2802.775	5395.65333333333	5689.93529411765	9877.20714285714	7241.39166666667	8007.6	314.521428571429	14583.7214285714	8990.6	18817.3666666667	2470.34166666667	5851.98823529412	121.464285714286
M00307	12142.02	31193.7416666667	10582.5666666667	2374.75384615385	13977.1428571429	23237.98125	5244.11875	7083.775	27994.2428571429	16980.14375	9018.18125	17319.2	20442.71875	33166.0636363636	14423.9428571429	2371.88235294118	6301.48	41382.45	9980.09333333333	44953.4	10017.9352941176	7536.19375	10918.8733333333	14069.2235294118	24071.8642857143	36033.4833333333	31162.5333333333	4078.79285714286	29508.5142857143	19280.5470588235	60724.7083333333	9530.6	9145.64705882353	604.778571428571
M00308	5293.29153553333	5526.11387416667	6632.75887193333	1406.15454923077	9555.05239657143	10213.33844	3313.751656875	5591.4611290625	17542.675438	9274.754637375	7877.3789386875	10776.4053882	7119.83689325	11693.8846348182	3434.23981235714	1327.53007552941	1831.6009158	24570.1233961667	7281.55919633333	18975.6983767333	2627.84445117647	4943.752471875	4953.82469913333	8848.90638523529	12786.2921074286	21752.4553206667	16199.6747665	3515.0017575	12464.1014701429	7214.19968552941	17128.1196751667	5867.61404491667	3031.49171182353	124.523871785714
M00338	2.3555556	0.305555416666667	34.9111076666667	5.02564276923077	5.57142528571429	2.54166775	6.812498	12.1666624375	0.714285714285714	0.4999999375	0.416666625	3.4333349	89.604125125	3.75757536363636	54.047585	4.66666482352941	0.0222222	12.3333241666667	0.733333466666667	0.600000133333333	3.56862576470588	1.0208329375	3.82221873333333	4.68627	2.40476207142857	4.36110725	48.9999875	1.45238021428571	0.857143	0.745097470588235	1.05555558333333	9.75000441666667	38.9608026470588	0.238095
M00344	10884.3826368667	25141.7347930833	7332.98144426667	8147.28396161539	12254.2425932857	17012.17517275	5562.9185851875	4177.2937553125	24718.4385954286	14290.274925375	5314.83599075	13239.2066196	15105.0075525	29218.5600638182	10064.4336036429	1731.68714035294	9913.42717893333	30265.8744923333	7363.24812606667	34751.5284868667	7774.43525976471	6723.83669525	10471.0933796	11234.2801269412	15022.9598924286	30239.7373420833	20083.0100415	3642.4775175	20031.4385871429	18409.8103122941	41557.52077875	7181.91763583333	10429.435501	1925.09620064286
M00345	14469.5802590667	40927.1889869167	10839.2958045333	11070.7372132308	20878.3089864286	28353.7829891875	6765.08506725	6188.030839375	45460.3586657857	20027.93813225	9005.6338515	31153.236159	25243.9292794375	44476.9642354545	16336.2689504286	3162.80487364706	11565.1266710667	98425.4384296667	12167.0998671333	62993.5940144	15583.6250172353	10854.893111	13491.129366	16079.5520858824	23969.3027694286	44876.4762991667	57140.8144351667	3848.20023342857	40940.2060729286	20476.3324648235	62146.47356775	13111.2621943333	17248.4798767059	2062.32446828571
M00346	32029.0133333333	96075.5916666667	16265.4733333333	7610.66153846154	28368.3142857143	55094.6125	10992.03125	10404.3625	65619.7928571428	34685.03125	12486.2625	39436.8	62277.94375	97173.8727272727	35895.6714285714	4687.14705882353	13034.7666666667	103702.316666667	16828.7533333333	105539.88	15082.0352941176	17782.1125	26179.9933333333	29611.2647058824	35321.2928571429	77849.2166666667	48871.6833333333	5037.54285714286	73220.5571428571	48081.8705882353	136881.725	7959.38333333333	26467.1588235294	1553.50714285714
M00347	5086.24022613333	22049.1504815833	3005.37330146667	651.218982846154	4931.57096671429	11519.3508680625	1783.0383759375	1522.2787106875	13121.3652675714	6829.1751651875	1854.595438875	7597.5423378	10933.2291323125	19365.8489450909	7038.82375735714	862.871201176471	3191.69632506667	25727.3677589167	3482.04079006667	20205.0640402	2820.94979752941	4495.325774125	5075.37120053333	5563.43548964706	6139.81639471429	15475.4063245833	9873.03512366667	532.776774428571	12661.6661980714	8955.63966582353	27395.2225936667	1081.93342033333	4582.63163552941	98.6428262142857
M00350	0	0.05	0	0.0153846153846154	0	0	0	0	0	0	0	0	0	0	0.0142857142857143	0	0	0	0.133333333333333	0	0	0	0	0	0	0.0166666666666667	0	0	0.0142857142857143	0	0	0	0.0235294117647059	0
M00356	8408.6141762	34669.6076860833	5037.51540993333	1065.15302238462	8559.07662557143	22331.956119125	3417.7960750625	2644.8801599375	25843.2639397857	13648.474918625	3176.5593234375	15946.0882027	20131.9650619375	41656.3359815455	16571.0206363571	1770.67190664706	4858.1729196	76555.9354954167	6354.04845653333	35432.2682714	6086.24670711765	6764.9824226875	10866.5091568667	10252.7103334706	10812.070047	27856.2692645833	31830.3743491667	974.047154571429	24024.3807375	16070.0916230588	50858.0923206667	1722.61906691667	7917.07106735294	178.047441
M00357	15700.2053333333	43039.0933333333	9975.32266666667	6936.13846153846	17130.5371428571	29711.1775	6438.6625	5793.5225	42240.6771428571	19985.4325	8020.6075	29235.412	25861.7675	48905.9745454545	18743.6257142857	2810.62823529412	12451.9306666667	79930.0733333333	11709.0746666667	57865.016	8568.04941176471	12083.975	14389.328	16990.16	17847.2314285714	47574.85	47796.78	3683.60571428571	33911.0657142857	25120.1317647059	73044.8666666667	5258.72	14383.5270588235	1434.16285714286
M00358	0.4	0.6	0.173333333333333	1.58461538461538	5.48571428571429	2.3	0.025	1.3375	1.81428571428571	0.4875	0.1625	1.54	3.2	1.47272727272727	0.871428571428571	0.164705882352941	0.186666666666667	109.316666666667	0.533333333333333	1.01333333333333	1.62352941176471	0.7125	0.306666666666667	0.282352941176471	2.31428571428571	3.63333333333333	118.2	0.242857142857143	2.67142857142857	0.623529411764706	0.716666666666667	0.133333333333333	13.5411764705882	0
M00364	11126.6666666667	5047.02083333333	5263.66666666667	7639.96153846154	16493.6785714286	8171.765625	3516.046875	2848.421875	22935.5535714286	5510.109375	4352.125	13282.375	7739.921875	16951.5909090909	8797.01785714286	1618.72058823529	4560.16666666667	31917.8333333333	4745.4	19844.2833333333	3150.94117647059	6426	5927.88333333333	14628.8382352941	7939.05357142857	26939.8333333333	26045.25	2608.41071428571	8929.625	8900.77941176471	20562.875	10467.7916666667	6440.26470588235	1876.32142857143
M00365	4956.86666666667	270.666666666667	484.933333333333	163.692307692308	7023.28571428571	104.6875	96.625	211.5	293.035714285714	155.03125	133.3125	156	221	2343.81818181818	7632.28571428571	289.529411764706	159	644.333333333333	86.1333333333333	123.733333333333	463.617647058824	1396.34375	184.733333333333	7406.64705882353	116.285714285714	2654.33333333333	10572.8333333333	148.392857142857	483.785714285714	339.352941176471	541.166666666667	9256.25	183.705882352941	79.2142857142857
M00366	4165.73333333333	2917.29166666667	2723.83333333333	4354.76923076923	5252.5	4641.78125	2082.09375	1586.0625	12879.0178571429	3518.96875	2696.71875	6948.8	4170.46875	8155.90909090909	1721.89285714286	814.764705882353	2803.9	17915.0833333333	2794.58333333333	12806.4833333333	1732.02941176471	3354.015625	3655.26666666667	4653.47058823529	4381.78571428571	13617.2916666667	10626.75	1555.33928571429	5499.75	5739.30882352941	12112.9166666667	1193.5	3506.17647058824	1138.26785714286
M00367	109.5332238	16.63887225	57.7999422	14.564088	20.666646	3.6458296875	14.541652125	3.999996	2.7380925	1.8333315	2.541664125	3.9333294	7.958325375	6.66666	17.0237925	33.9803581764706	5.6222166	83.69436075	2.9333304	3.9111072	2.11764494117647	1.9374980625	31.999968	2.58823270588235	14.6428425	3.19444125	952.7212695	6.4523745	15.9285555	3.01960482352941	2.777775	26.80552875	28.0195798235294	1.7380935
M00368	2895.0415494	11024.8223085	2146.4200758	2954.407302	3354.044265	5148.4323515625	1998.6438346875	1406.456926875	3053.80647	3598.121401875	1293.1445401875	2392.3642743	4991.4950085	9086.081823	4486.9240845	390.666276	3327.5744502	2855.46936675	1481.3096298	7739.7478158	2626.36992264706	828.874171125	3074.2413702	2354.38980247059	4577.5906605	6932.770845	6576.104535	1456.2128295	6597.517212	4648.46593976471	14122.56921075	2082.775695	3932.27057752941	929.8324035
M00372	0	0	0	0	0.306122142857143	0.0267856875	0	0	0	0	0.0089285625	0	0.589285125	0	0	0.0168067058823529	0	0.428571	0	0	0.0504201176470588	0	0	0	0.0102040714285714	0.03571425	0.047619	0.0102040714285714	0.0918366428571429	0.00840335294117647	0.0238095	0.047619	0.00840335294117647	0
M00373	14101.7278716667	53356.6901995833	10561.6143484667	8091.05779615385	19155.4661905714	31644.3192550625	6588.43571925	6997.1242501875	45253.4583117857	18821.211948	6779.62783575	28442.006108	34920.1537145625	54196.154634	18482.7235451429	2195.23343629412	11926.8010736667	56392.5953211667	9935.23278	53641.4216022	13656.7764829412	8320.9868713125	14983.9085208667	15288.1702321765	29104.2332852857	46430.4805551667	32310.4442641667	4699.57830728571	41490.1306548571	26872.8968033529	78891.88971125	8332.16298491667	20812.9128966471	1946.492559
M00374	61931.212403	154941.694565583	50795.6975018	38746.8228133846	73222.3369885714	109772.219791187	30940.6049029375	31208.4375648125	135526.346130214	75801.09464775	34666.869935875	84488.2502294	94595.3201544375	185125.630598545	69453.005704	10391.2101276471	51240.5111188667	173356.211695083	43290.6734382667	193040.401414	42322.9247307647	35447.0085045625	54035.0515658667	64520.1923641765	96621.0018917857	180502.29704925	132078.345258667	22233.6043991429	132394.855703	91474.0090670588	259032.68763025	36014.0976340833	60391.4358465294	8457.41600771429
M00375	13577.956119	41064.84024825	12122.6727258	10085.362875	19670.807169	25952.3054870625	7371.6005829375	7004.9986768125	37037.8352565	16414.578282375	7133.8962751875	22098.1525945	27271.4121225	46967.1541347273	16138.806372	2326.19553476471	15867.034638	44550.571611	9879.1598178	42840.2864526	12239.6330366471	7600.325733	13733.0610144	14065.4208721765	31589.700012	40558.68923925	36442.115073	5437.5854715	34242.8640255	22738.4442847059	60268.0558935	9171.293859	17552.2663407647	2546.3935575
M00376	34451.655	98311.15	25609.16	15702.6615384615	39488.5642857143	69675.40625	14747.334375	15756.696875	102600.164285714	43130.796875	17686.1640625	57797.5675	67132.640625	115675.911363636	40316.1642857143	6157.08235294118	26254.0166666667	138313.34375	25120.0433333333	126679.258333333	26838.7926470588	22653.040625	31671.49	37044.1470588235	58619.825	108821.01875	71955.3541666667	9009.13392857143	85261.8553571428	57023.9764705882	166526.227083333	16933.5229166667	36597.8029411765	3662.6375
M00377	36476.88	83225.1333333333	25729.4333333333	31391.7153846154	44355.4857142857	56633.2875	18555.71875	16105.79375	81043.9571428572	40626.6625	21179.225	48143.42	49457.60625	99799.5272727273	37833.5214285714	5625.48823529412	35346.1466666667	113028.208333333	26259.4333333333	104094.353333333	21603.1647058824	19220.2375	33304.1266666667	35154.9058823529	41129.3714285714	110551.158333333	101904.116666667	14664.65	69657.3571428571	50761.3117647059	141500.325	19112.85	37871.8764705882	6879.02142857143
M00378	0.0222222666666667	0.180555416666667	0.0666668	0.897436769230769	0	0	0.0104166875	0.09375	0.0119047857142857	0.1145835625	0.0520834375	0.0166667	0.0937501875	0.0757577272727273	0.107143071428571	0.0490197058823529	0	0	0.155555533333333	0.422222266666667	0.0980394117647059	0.218750125	0.0444445333333333	0.0196078823529412	0	0.0555555	0.222222666666667	0.0357143571428571	0.0119047857142857	0.0686275882352941	0.138889166666667	0.180555916666667	0.0294118235294118	0.0119047857142857
M00418	0	0	0	0	0	0	0	0	0	0	0	0	0	0	0	0	0	0	0	0	0	0	0	0	0	0	0	0	0	0.0392156470588235	0.0555555	0	0	0
M00432	49567.7333333333	141487	33771.8	37304	56153.7142857143	85742.125	27929.4375	22195.6875	99947.9285714286	60376.375	27540.75	62602.2	77383.75	140730.454545455	58940.2142857143	8444.76470588235	37188.0666666667	134626	32597.2666666667	161028.333333333	33665.1176470588	27901.8125	50543.6666666667	50508.6470588235	65929.7142857143	148880.25	108180	18871.9285714286	103591.142857143	79008.1764705882	222425	25953.25	52577.3529411765	11061.3571428571
M00433	0.226666666666667	0.2	0.573333333333333	0.430769230769231	0.8	0.6	0.0625	0.625	0.7	0.0625	0.0375	1.36	0.5375	0.454545454545455	0.428571428571429	0.0588235294117647	0.08	1.86666666666667	0.173333333333333	0.306666666666667	1.16470588235294	0.075	0.186666666666667	0.105882352941176	0.114285714285714	1.35	1.26666666666667	0.114285714285714	0.914285714285714	0.0941176470588235	0.483333333333333	0.883333333333333	0.564705882352941	0.0428571428571429
M00525	64784.3512357333	127104.961506833	43198.7105348	50814.2239039231	83979.9757104286	100016.429388875	27740.8286634375	29987.4938475625	123545.0541725	71411.7711245	35149.8903446875	77724.7864087	88946.8173915	167012.357419182	62637.0209735	8118.61135958824	56158.1166160667	152804.21763975	43278.1801252	164451.868601	33839.4288515882	33432.1553000625	62489.4242524667	68748.0060908824	60222.7334501429	184238.136488083	159898.454266333	26851.1074619286	114706.011514786	86019.2629867647	203158.023896417	42340.5739183333	64347.4753792941	10943.1597981429
M00526	60956.6075655333	130154.388224083	47076.2433522667	51554.3301926923	74799.1465857143	96227.7448769375	31922.1145278125	28658.9242889375	121401.438158357	67833.458937125	33502.8392840625	82254.5214464	79845.7461778125	155252.023017364	52191.2524775	9517.14097923529	53146.2010526	164537.769233	44976.3852984667	162781.912592467	35080.3995471765	38281.4622596875	63019.6180056	64123.1528847647	74675.8086441429	180444.70978775	134862.860531667	25404.6418672143	110283.198176143	83649.0202692941	193207.343392083	33904.710765	59811.19989	12735.2752805
M00527	83613.78	189768.291666667	60955.6333333333	67759.4076923077	104566.842857143	131294.88125	43912.21875	38521.09375	152800.935714286	92166.9	45047.64375	105507.52	109402.91875	211830.381818182	81040.1928571429	12711.3588235294	67331.9133333333	205836.533333333	58172.3933333333	213068.966666667	43585.0764705882	48781.23125	84102.24	88656.0176470588	93692.7285714286	235705.608333333	184225.433333333	34226.9642857143	151963.885714286	111201	264785.908333333	51053.95	81833.9941176471	16922.9142857143
M00528	0	0.5	0	0.461538461538462	0	0	0	0	0	0	0	0	0	0	0	0	0	0	0	0	0	0	0	0	0	0	0	0	0	0	0	0	0	0
M00529	325.507183333333	32.0740585	145.162915333333	39.9102359230769	69.0872911428571	33.8645734375	11.670135375	58.49653125	19.7539618571429	58.1249604375	36.66317675	65.1332913	97.3402709375	44.1565462727273	182.829193142857	13.6078394705882	55.5999456666667	52.2823888333333	29.4370288	28.7814619333333	33.4803764705882	2.024304375	5.21110753333333	26.5326795882353	24.5396756428571	308.91665875	304.740744166667	35.4603413571429	187.091264	47.7515942352941	136.277724583333	115.67594	22.7941028235294	1.32539857142857
M00530	769.125576666667	213.686299166667	994.1255774	352.221775538462	471.798432857143	294.0993099375	67.003683375	367.5367650625	99.567224	418.9043946875	469.33098925	338.3823863	425.830856	337.074876	873.878010214286	45.1591873529412	248.384329533333	442.764722833333	191.2274586	161.517673666667	244.868538411765	68.6103213125	45.4235348	212.190361764706	173.109271357143	1820.50025025	1032.05902616667	297.0461455	911.109402642857	304.875434058824	843.671686916667	305.642223166667	138.529427176471	8.52521578571429
M00531	4.63333333333333	1.75	4.475	14.4807692307692	13.8214285714286	4.015625	2.0625	1.5703125	2.24107142857143	4.875	5.59375	6.2875	9.9140625	4.82954545454545	4.02678571428571	1.95588235294118	2.05	6.11458333333333	4.93333333333333	2.48333333333333	5.26470588235294	1.7421875	5.89166666666667	3.25	5.49107142857143	7.0625	33.0625	4.64285714285714	6.38392857142857	3.44117647058824	8.40625	22.0208333333333	3.68382352941176	0.267857142857143
M00532	35867.838158	87006.58508075	22560.1496333333	18999.5904123077	40165.5831255714	52677.9857225625	14346.0760383125	11946.717956375	75845.2605793571	34643.219414625	14194.64825825	46385.8280992	55358.843655375	100017.921906818	35266.2834263571	4771.22262323529	22745.2706395333	114757.879692917	20072.8363966667	102326.527943133	20806.4472339412	18954.68881675	30531.1272112667	33054.6211445294	44804.7109089286	95035.1517646667	73528.6236858333	9467.49931728571	69167.0446798572	47730.7543335882	128069.366682167	15642.1822586667	34762.837576	5316.81887235714
M00533	0.0933333333333334	0.75	2.81333333333333	2.09230769230769	2.71428571428571	3.0125	1.0875	1.125	1.18571428571429	0.5	0.6625	7.28	0.6875	0.854545454545455	0.657142857142857	0.388235294117647	1.94666666666667	0.183333333333333	1.08	0.28	0.376470588235294	0.5125	1.06666666666667	0.0117647058823529	1.58571428571429	1.35	6.6	0.6	0.342857142857143	0.917647058823529	0.683333333333333	9.7	0.447058823529412	0.271428571428571
M00534	0	0	0	0	0	0	0	0.02777775	0	0	0	0	0	0	0	0	0.0296296	0	0	0	0	0	0	0	0.031746	0	0	0	0	0	0	1.48148	0	0
M00535	42423.3333333333	135988.583333333	27576.4	28515.9230769231	47693	81180.25	24118	18907.375	91475.0714285714	55850.125	24027.5	56777.1	73384.3125	128689.454545455	54774.9285714286	7786.23529411765	27381.4	129307.75	27659.3333333333	151860.2	26783.7058823529	25793	43548.6666666667	44672.1176470588	55289.5714285714	133079.916666667	90922.6666666667	14893.5	97820.4285714286	72036.2941176471	209675.333333333	19462.75	46485.8235294118	8359.92857142857
M00537	1.43333333333333	0.708333333333333	0.3	0.5	3.28571428571429	1.453125	0.421875	0.15625	0.285714285714286	0.6875	2.28125	0.225	1.421875	0.681818181818182	0.892857142857143	0.720588235294118	1.06666666666667	2.54166666666667	2.41666666666667	0.683333333333333	0.323529411764706	1.234375	4.3	1.33823529411765	3.5	0.458333333333333	8.875	1.26785714285714	1.25	1.01470588235294	2.70833333333333	1.64583333333333	0.367647058823529	0.160714285714286
M00538	0.716666666666667	0.354166666666667	0.15	0.25	1.64285714285714	0.7265625	0.2109375	0.078125	0.142857142857143	0.34375	1.140625	0.1125	0.8671875	0.340909090909091	0.446428571428571	0.360294117647059	0.533333333333333	1.27083333333333	1.20833333333333	0.341666666666667	0.161764705882353	1.0234375	2.15	0.669117647058823	1.75	0.229166666666667	4.4375	0.633928571428571	0.625	0.507352941176471	2.41666666666667	0.822916666666667	0.183823529411765	0.0803571428571429
M00539	0.075	0.0729166666666667	0.166666666666667	0.519230769230769	0.0535714285714286	0.1640625	0.0078125	0.046875	0.0357142857142857	0.1640625	0.0859375	0.225	0.59375	0.363636363636364	0.0803571428571429	0.0661764705882353	0.00833333333333333	0	0.191666666666667	0.05	0.161764705882353	0.046875	0.0916666666666667	0.0294117647058824	0.133928571428571	0.291666666666667	0.458333333333333	0.0535714285714286	0.178571428571429	0.0808823529411765	0.208333333333333	0.645833333333333	0.117647058823529	0.00892857142857143
M00540	0	0.0666666666666667	0	0.138461538461538	0	0	0	0.15	0	0	0	0	0.3375	0	0	0	0	0	0.0266666666666667	0	0	0.1125	0	0	0	0.0166666666666667	0	0	0	0	0	0.15	0	0
M00541	0	0	0	0	0	0.875	0	0	0	0	0	0	0	0	0	0	0	0.583333333333333	0	0	0	0	0	0	0	0.583333333333333	0	0	0.5	0.00840335294117647	1.17857141666667	0	0	0
M00543	0.0857142	0.08333325	0.190476	0.593406	0.0612244285714286	0.1874998125	0.0089285625	0.053571375	0.0408162857142857	0.1874998125	0.0982141875	0.2571426	0.67857075	0.415584	0.0918366428571429	0.0756301764705882	0.0095238	0	0.2190474	0.0571428	0.184873764705882	0.053571375	0.1047618	0.0336134117647059	0.153061071428571	0.29761875	0.523809	0.0612244285714286	0.204081428571429	0.0924368823529412	0.238095	0.7380945	0.134453647058824	0.0102040714285714
M00545	0.15	0.302083333333333	0.341666666666667	1.69230769230769	0.821428571428571	0.1640625	0.03125	0.40625	0.116071428571429	0.4765625	0.21875	0.3	2.140625	0.886363636363636	0.321428571428571	0.176470588235294	0.133333333333333	0	0.633333333333333	0.2	0.470588235294118	0.0703125	0.666666666666667	0.0735294117647059	0.553571428571429	0.291666666666667	1.52083333333333	0.133928571428571	0.232142857142857	1	0.625	2.30208333333333	0.183823529411765	0.0357142857142857
M00546	62.1911132	252.650063583333	268.262209466667	59.9230423076923	571.619415142857	138.3916599375	100.7375595	164.516680125	168.961900285714	171.1208204375	149.67915475	565.9134216	309.070855	72.7515026363636	153.6666955	12.3803938235294	108.462233333333	143.977781083333	31.6044379333333	82.4711013333333	117.007849823529	35.6916704375	102.026689	207.403899941176	1742.69510192857	225.850099916667	182.633290666667	138.304801071429	802.995439071429	37.784309	124.961037416667	100.494435916667	115.952970529412	3.01904771428571
M00547	0.12	0.116666666666667	0.266666666666667	0.830769230769231	0.0857142857142857	0.2625	0.0125	0.075	0.0571428571428571	0.2625	0.1375	0.36	0.95	0.581818181818182	0.128571428571429	0.105882352941176	0.0133333333333333	0	0.306666666666667	0.08	0.258823529411765	0.075	0.146666666666667	0.0470588235294118	0.214285714285714	0.416666666666667	0.733333333333333	0.0857142857142857	0.285714285714286	0.129411764705882	0.333333333333333	1.03333333333333	0.188235294117647	0.0142857142857143
M00548	0	0.347222083333333	1.2	0	0	0	0	0	0	0	0	0.6	0	0	0	0	0	0	0	0	0	0.4687498125	0	0	0.428571428571429	0	0	0.428571428571429	0	0	0	0	0	0
M00549	35590.0445412667	88606.9736839167	25142.1095246	18295.9151372308	38956.5176241429	61851.56529675	16426.138102875	14935.40602275	73301.3437962857	44665.5619099375	21316.691423375	49327.722507	52280.97515975	98491.5637504545	40157.516897	6115.26173094118	22890.5092047333	105656.874752333	26531.2243195333	112590.908711133	17793.8614208824	21977.8259411875	36407.7207906667	39627.4439866471	40965.9085498571	99394.3683839167	71925.440559	10543.4725414286	74236.9314825	52986.8006437647	138501.9672365	16474.50274575	32053.165219	4127.3687365
M00550	1439.52437293333	887.500481333333	1521.04784066667	436.263808230769	771.877699571429	1337.000204375	107.098257	174.4018261875	2305.010712	1124.2592745	70.5446603125	1104.1288735	814.4914815	3474.02723636364	217.030701285714	129.260527764706	3436.0772182	758.166956166667	1101.21946753333	1910.3527134	1016.74799582353	780.3751696875	858.1432214	1612.37017394118	2103.8581755	1443.917111	1602.38153033333	129.704143357143	1311.77601592857	1486.57216488235	137.4762475	830.821480083333	597.554778	17.1836686428571
M00551	0	0	0.8	1.75	1.21428571428571	0	0.28125	0.25	0.160714285714286	0	0	0	0.421875	0.204545454545455	0	0	0.266666666666667	0	0.3	0	0	0.140625	0.8	0	0.589285714285714	0.375	1.875	0.285714285714286	1.01785714285714	0	0	5.85416666666667	0	0
M00554	18983.4	40318.4166666667	14377.8	10316.1538461538	20134.8571428571	27872	8535.6875	8232.375	34671.7142857143	20950.625	10361.375	23429.5	23524.25	47543.6363636364	18951	2816.29411764706	15413.7333333333	43540.9166666667	14760.9333333333	50123.6	10561.4117647059	10423.0625	19750.8666666667	20114.5294117647	22302.7857142857	47459.25	36386.6666666667	6406	32901.6428571429	25240.9411764706	57818.75	9706.83333333333	15181.1764705882	2703
M00555	0.3333332	1.47222283333333	1.68888913333333	0.307692307692308	2.47619171428571	1.2083336875	0.249999875	0.81250025	0.928571857142857	0.83333375	0.083333375	1.9000009	4.7708356875	1.333334	1.00000014285714	0.333333470588235	0.0666666	0.888889166666667	1.622223	0.488888933333333	2.19607947058824	0.041666625	0.533333533333333	0.196078470588235	1.88095328571429	1.13888891666667	1.00000033333333	0.595238285714286	2.59523935714286	0.0980392352941176	0.361111083333333	0.611111166666667	4.47059041176471	0.166666642857143
M00563	8327.9472276	31841.4681585	4608.6842802	1011.460527	7040.373912	18348.0858185625	3221.7676115625	2453.4767131875	19178.409393	11946.3838869375	3176.5593234375	11671.9549947	16721.9499978125	30878.4825521818	11829.3453135	1552.91370305882	4858.1729196	47105.2228693333	5571.06962233333	34717.1208384	4771.45340994118	6379.3282953125	8465.54709	9365.40239929412	10280.846862	22955.89371075	19179.2746026667	836.0229735	21532.35942	15377.1610934118	43358.623308	1629.30392625	7730.36536747059	178.047441
M00565	40568.3066666667	81326.2666666667	30184.8066666667	44473.9307692308	51345.9	55165.45	22288.375	18470.3625	62383.9571428571	41526.7625	24245.30625	50425.3	53866.3125	103009.518181818	46325.1	6013.27058823529	34637.3333333333	88773.4833333333	27558.36	89496.86	23490.5882352941	14970.01875	43816.98	35664.8117647059	44120.8928571429	97128.55	104634.566666667	17569.1285714286	74230.7214285714	51267.6823529412	145775.891666667	32775.7	48380.1882352941	8622.16428571429
M00567	3239.52040266667	16088.7733389167	1827.77632753333	375.488082769231	3769.64737642857	7991.312858375	1169.152903625	937.1274669375	9524.96543092857	4510.501059625	1212.8282195	5302.0281056	7972.824216125	13492.4374951818	4522.35961885714	598.532009764706	2051.63030533333	21551.2604455833	2449.56601153333	13325.5410908	1933.89264552941	3351.649211125	3544.76916086667	3679.71560070588	4100.62313514286	10107.9619925	7232.78123333333	315.803515857143	8219.01351585714	5834.87258070588	18626.2745753333	706.515140916667	3178.08662294118	59.7717698571429
M00568	0.24	0.433333333333333	1.93333333333333	0.492307692307692	2.68571428571429	0.2875	0.2625	0.475	0.2	0.0625	0.15	0.64	2.9875	0.454545454545455	0.142857142857143	0.811764705882353	0.853333333333333	0.05	0.693333333333333	0.226666666666667	0.2	0.0875	0.12	0.0117647058823529	1.28571428571429	0.2	1.4	1.4	0.7	0.223529411764706	0.516666666666667	2.13333333333333	0.294117647058824	0.228571428571429
M00569	1298.46604033333	882.568743833333	886.743784	3970.85843807692	2023.04660114286	315.8749215	985.6241965	419.7705200625	1321.08267164286	256.0622439375	450.82255775	1048.0828769	603.9373510625	1508.33209436364	688.273710142857	148.548964176471	1656.73178333333	498.652715166667	237.510935	493.333047066667	621.440763470588	202.3123628125	1119.29931006667	646.117334588235	1192.284831	4712.83185283333	6852.07957033333	1005.10628835714	546.380466357143	1290.18609911765	1305.97104391667	624.291590333333	1632.06708270588	787.749230142857
M00570	62398.9508893333	161697.4032195	48631.3459292	54158.4320761538	74299.8619731429	109954.013044437	33101.807082625	26958.8515065	104584.054524929	71185.330103625	31968.861239875	73176.7333408	83065.6745585625	170269.368941727	77609.9187282143	11461.8000077059	56826.6136726	128736.553202583	41040.8915651333	168222.757416267	38123.9807441765	32285.6644385625	61303.5530744	58993.9672135882	78854.4056237143	160299.779700083	150819.391546	22437.1871317857	114306.559384571	87192.6195741176	234035.916261417	40889.5015571667	60185.0751982941	12694.2673724286
