Eigvals	3
237.607260328	88.6765002036	60.8360358425

Proportion explained	3
0.326319167495	0.177191657958	0.122623463547

Species	0	0

Site	11	3
sample11	-0.0746328632579	-0.142482141871	-0.0658178796327
sample13	0.16159605181	-0.158086679743	0.0197136778459
sample14	0.0661378475152	-0.165557438967	-0.0283384552426
sample16	0.147704452613	-0.152729618011	0.0518881029481
sample4	-0.101382246411	0.0092314113882	-0.00222252416165
sample7	-0.0985857868127	-0.0704234395028	-0.0374804696694
sample6	-0.0788530754246	0.093514388117	0.0507408218745
sample1	0.0144290481428	0.231010432446	0.188634012549
sample3	-0.0343439893792	0.191879507203	0.0805880313117
sample2	0.028978743662	0.263501314672	-0.220359681385
sample8	-0.0310481824582	-0.0998577357324	-0.0373456364379

Biplot	0	0

Site constraints	0	0
