Eigvals	3
237.607260328	88.6765002036	60.8360358425

Proportion explained	3
0.326319167495	0.177191657958	0.122623463547

Species	0	0

Site	11	3
sample11	0.144109625032	-0.117640696449	0.0336655265609
sample13	0.323330066206	-0.0442186792532	0.107223411581
sample14	-0.109097573223	-0.297600452095	-0.184553377734
sample16	0.27797888893	-0.219582039418	0.0264669724588
sample4	-0.143793513076	-0.0538638826461	-0.200258905146
sample7	-0.305012308601	-0.0979784482419	0.137645475957
sample6	0.0890681840281	0.265751432305	-0.183445406424
sample1	-0.0945679474287	0.144650831869	0.233735581824
sample3	0.0363880036803	0.161276024611	0.130019261637
sample2	0.0231986183047	0.260413470603	-0.167646039614
sample8	-0.241602043853	-0.00120756128492	0.0671474988992

Biplot	0	0

Site constraints	0	0
