Eigvals	3
95.8708858642	40.7908798103	36.6146497839

Proportion explained	3
0.470086753039	0.214278938394	0.135103558808

Species	0	0

Site	9	3
MCT.f.0568	-0.292097577249	0.0236169544816	-0.104707426811
MCT.f.0567	-0.325624203632	0.0608971493455	0.0626580740808
MCT.f.0566	-0.321099060668	0.0597620426972	0.215237420137
MCT.f.0575	0.261971387821	-0.0460275058936	0.0516486815601
MCT.f.0574	0.218255207491	-0.17079150871	0.0467840069117
MCT.f.0578	0.22865780199	0.31796903398	-0.0519197997568
MCT.f.0577	0.277046686281	0.170071947219	-0.00448654001124
MCT.f.0570	-0.177658806451	-0.0962673759953	-0.247885650725
MCT.f.0573	0.130548564417	-0.319230737124	0.032671234614

Biplot	0	0

Site constraints	0	0
