Eigvals	3
95.8708858642	40.7908798103	36.6146497839

Proportion explained	3
0.470086753039	0.214278938394	0.135103558808

Species	0	0

Site	9	3
MCT.f.0568	-0.16953892026	-0.211509450221	-0.147077662409
MCT.f.0567	-0.0558632684556	0.0963646928947	0.136735361848
MCT.f.0566	-0.133344830411	0.00887547576523	0.0613388163967
MCT.f.0575	0.00449812364417	-0.0848729351834	-0.0126587380139
MCT.f.0574	0.129799077753	0.00407022830033	0.151406743444
MCT.f.0578	-0.0279266776214	0.0542843595767	0.00328655958489
MCT.f.0577	0.334059897021	0.113415660576	-0.056858716259
MCT.f.0570	-0.122816511688	0.14176706926	-0.155425990188
MCT.f.0573	0.0411331100198	-0.122395100969	0.0192536255968

Biplot	0	0

Site constraints	0	0
