Eigvals	3
179.235643752	116.677762605	73.4475684868

Proportion explained	3
0.211977731373	0.157528872497	0.111048056198

Species	0	0

Site	16	3
sample11	0.22611626311	0.0327963525666	-0.157645456129
sample10	-0.085418676892	0.107670668932	-0.0309344626187
sample13	0.122685223329	-0.0907610791519	-0.0827314462398
sample12	0.0330776868116	-0.0679979458743	0.0121083001262
sample15	-0.0204091602583	0.0594188991334	0.0061397102678
sample14	-0.0290793643099	-0.0485555091008	-0.0797699403425
sample16	-0.0250830032383	0.100470740129	0.0638545092594
sample5	-0.0277406874617	-0.104193073377	0.0680437848208
sample4	0.00427766595031	-0.0652675049681	0.113779845753
sample7	-0.137669425746	-0.0799731799053	-0.0391104763326
sample6	0.0608164965289	-0.103487878683	0.0324168325672
sample1	0.0296339889773	0.0087008187921	0.0605787174691
sample3	-0.0162298018396	0.0709256827075	0.0318320294622
sample2	-0.0285167412456	0.103628282233	0.0757148727671
sample9	-0.0510009197457	0.0360170622083	-0.0783647431621
sample8	-0.0554595439705	0.0406076643571	0.00408792233223

Biplot	0	0

Site constraints	0	0
