Eigvals	3
179.235643752	116.677762605	73.4475684868

Proportion explained	3
0.211977731373	0.157528872497	0.111048056198

Species	0	0

Site	16	3
sample11	0.090889384354	-0.0460715928219	-0.181426058151
sample10	0.00481029609938	0.0163003607904	0.0252354199428
sample13	0.237175462199	0.0122777619411	-0.0531593318709
sample12	-0.107993491489	-0.128577728764	-0.239906340595
sample15	0.232712140878	0.117759741932	-0.0719813578061
sample14	0.191995927223	0.140435310461	0.0185681723176
sample16	0.110827253142	0.161051878892	-0.0360441003206
sample5	0.00718334718978	-0.31741480504	0.201159348059
sample4	0.184657766718	-0.108806782786	0.253817312105
sample7	-0.176620028728	-0.00210008903743	-0.0290493082703
sample6	-0.0339366798813	-0.28194228727	-0.0241072202695
sample1	-0.168037300468	0.152590479972	0.180597691219
sample3	-0.128986891301	0.206657510938	0.109862571101
sample2	-0.248061946917	0.0910707785581	0.0531468912117
sample9	-0.0513345080023	0.00526333847009	-0.0675310694012
sample8	-0.145280731016	-0.0184938762355	-0.139182619273

Biplot	0	0

Site constraints	0	0
