Eigvals	3
202.415540479	108.11310391	72.9024140331

Proportion explained	3
0.272987584293	0.159211347892	0.124811468465

Species	0	0

Site	14	3
sample11	0.0289809412246	0.0142694920335	-0.00662096693937
sample10	0.00591743284827	0.0557299494795	-0.0548321824174
sample13	0.127306964051	-0.0141406306289	-0.0688119593817
sample12	0.0966677314715	0.048994353165	0.0237057829074
sample14	0.142811107724	-0.00606377412437	-0.0848124977052
sample5	0.016827395303	-0.20333222251	-0.0424376857151
sample4	-0.101538208357	0.0736896746679	0.0173513958327
sample7	-0.00584221511278	0.00819390283426	-0.0451296433338
sample6	-0.00719653770971	-0.0451913613936	0.165298070378
sample1	-0.0697489473203	-0.00755711607924	-0.0679956510001
sample3	-0.164227970053	0.101463676691	-0.0535204261689
sample2	-0.17215922834	0.0996302675881	-0.0103708638017
sample9	0.0689818610766	-0.00178795059118	0.157824164586
sample8	0.0332196731939	-0.123898261132	0.0703524627586

Biplot	0	0

Site constraints	0	0
