Eigvals	3
202.415540479	108.11310391	72.9024140331

Proportion explained	3
0.272987584293	0.159211347892	0.124811468465

Species	0	0

Site	14	3
sample11	0.23096123086	0.0165286251057	-0.197560871253
sample10	0.147967008751	0.230171875746	0.063910029603
sample13	0.164249457263	-0.0213091030227	-0.292477288682
sample12	0.170014128466	-0.0973322671428	0.194342162772
sample14	0.194378521071	-0.226154455267	0.185974844645
sample5	-0.118706352116	-0.221855088105	-0.0610841192078
sample4	-0.155765349681	0.12086339114	0.140787224618
sample7	0.0713468814812	0.0402779874693	-0.0563527781346
sample6	0.0106023990466	-0.155755252324	0.0955918507133
sample1	-0.222410309999	0.073919828134	-0.0160860682132
sample3	-0.246399933355	-0.142805166861	-0.100856511583
sample2	-0.326677793281	0.0501530674833	0.00516757158066
sample9	0.0592208190656	0.209608354689	0.13542382412
sample8	0.0212192924265	0.123688202955	-0.0967798709783

Biplot	0	0

Site constraints	0	0
