Eigvals	3
161.498309963	117.726889582	74.6095867593

Proportion explained	3
0.227056075122	0.161829254756	0.119614338634

Species	0	0

Site	14	3
sample11	0.107967353036	0.00153346683014	0.00225009938145
sample10	0.0647798426973	0.0438163613645	-0.0895790000582
sample13	-0.0501927535887	-0.0669399109875	0.0418285668448
sample12	-0.0206894602546	-0.0829199808692	-0.0106827909202
sample15	-0.0143311080919	-0.0366096229989	0.103971894027
sample5	-0.0952088208565	0.0655770225893	0.00788654554261
sample4	-0.0271071530374	0.051654218057	0.0481606267548
sample7	0.0178944323797	0.0579866353827	-0.0351278069551
sample6	-0.0495245994352	-0.0347250345318	-0.0184338854809
sample1	0.00887943697764	0.0711660710971	0.0263701051139
sample3	0.0180246198037	0.0169824490551	0.0728051725246
sample2	0.0575789424604	0.0102005399683	0.0684347577813
sample9	-0.0267440258614	-0.0959002139754	-0.122795570489
sample8	0.00867329377074	-0.00182200098137	-0.0950887140669

Biplot	0	0

Site constraints	0	0
