Eigvals	3
161.498309963	117.726889582	74.6095867593

Proportion explained	3
0.227056075122	0.161829254756	0.119614338634

Species	0	0

Site	14	3
sample11	0.0930774615631	-0.0277791435026	-0.0466385655361
sample10	0.152387712743	-0.0103772112232	-0.250276523037
sample13	-0.247094979583	-0.115527227052	-0.232755110276
sample12	-0.0203379312139	-0.0865885543806	0.207330719812
sample15	0.100340991483	-0.175091679405	0.22175536423
sample5	0.0873292311233	0.12766702472	-0.10866932401
sample4	0.10863418682	0.0321831053966	0.0559391160268
sample7	-0.366935056661	0.106624804791	0.148836224128
sample6	-0.357131275715	-0.0802086187568	-0.0593715427891
sample1	0.121033339156	-0.167041496041	0.0250771902604
sample3	0.10672635237	0.0228382494347	0.0994517968383
sample2	0.0324671296861	0.312936550475	0.053397849855
sample9	0.121731873518	-0.170645865907	-0.0722001088911
sample8	0.067770964711	0.23101006145	-0.0418770866123

Biplot	0	0

Site constraints	0	0
