Eigvals	3
110.633181205	62.3882380066	50.6277971417

Proportion explained	3
0.237028817351	0.164135173981	0.134556196481

Species	0	0

Site	12	3
sample13	0.117629225441	-0.00886642055652	-0.00335963034341
sample12	0.0286869088677	-0.0753786427139	-0.0491133382788
sample14	-0.0105263101535	-0.067439526402	-0.00759376218419
sample17	0.00952694626704	0.00517280519101	-0.0315727258953
sample16	0.202790791537	-0.0388147069677	0.0977110056697
sample5	-0.0622597497487	0.0190887156785	-0.0365794349143
sample4	-0.0578417092383	0.0512430222984	-0.0630583137073
sample7	-0.138028508544	-0.144311193123	-0.0780654378942
sample6	0.024597324224	0.0907788464648	-0.0679365530665
sample1	-0.020660902555	0.0482943099094	0.229125509058
sample3	-0.00841489942751	0.101783244748	-0.0250750731639
sample9	-0.0854991166704	0.0184495454722	0.0355177547203

Biplot	0	0

Site constraints	0	0
