Eigvals	3
275.320841065	131.490048987	52.2267200015

Proportion explained	3
0.428008570024	0.228203399823	0.143196555058

Species	0	0

Site	6	3
sample13	0.228302688477	0.0860406985092	0.0405641806324
sample12	-0.183605317491	0.139353093069	-0.423953808455
sample5	-0.122102740758	-0.19279223298	0.0858504739694
sample3	0.0255191336021	-0.168965341588	-0.0586635083326
sample9	0.149677399271	0.114775219184	0.152783302848
sample8	-0.0977911631009	0.0215885638046	0.203419359338

Biplot	0	0

Site constraints	0	0
