Eigvals	3
275.320841065	131.490048987	52.2267200015

Proportion explained	3
0.428008570024	0.228203399823	0.143196555058

Species	0	0

Site	6	3
sample13	0.213031229006	0.193952043352	0.00703904629221
sample12	-0.186840157898	0.227938676757	-0.242025906818
sample5	-0.273762085472	-0.0979831187121	0.374448800158
sample3	0.254963987129	-0.397403659135	-0.150451735468
sample9	0.340106942605	0.14733664648	0.14247809695
sample8	-0.34749991537	-0.0738405887412	-0.131488301115

Biplot	0	0

Site constraints	0	0
