Eigvals	3
110.621854966	64.2534881329	43.433642627

Proportion explained	3
0.279927219418	0.188668185236	0.148975392894

Species	0	0

Site	9	3
sample10	-0.0577265356968	0.0653534995304	0.112884793476
sample13	0.376774741252	-0.16227652403	0.26984213234
sample12	-0.163376078393	-0.0122605306491	0.186507129131
sample5	-0.28514219775	-0.0148082562321	0.1848528536
sample7	0.327785352426	0.26263988589	-0.110823644892
sample1	-0.0018181662223	-0.00501834830438	-0.102292531587
sample3	-0.0309043356891	-0.107729298297	-0.289382894805
sample2	-0.0319079138895	-0.336045031095	-0.18087974369
sample8	-0.133684866037	0.310144603187	-0.0707080935727

Biplot	0	0

Site constraints	0	0
