Eigvals	3
110.621854966	64.2534881329	43.433642627

Proportion explained	3
0.279927219418	0.188668185236	0.148975392894

Species	0	0

Site	9	3
sample10	0.00242200702531	0.0455139314301	0.0996032540793
sample13	0.0819291777286	-0.0632231055633	0.183606371003
sample12	0.105281223282	-0.0553938103636	0.0555741542831
sample5	0.0113003749828	0.15194492527	-0.0661749278205
sample7	0.0388591737296	0.21292689528	0.00540308823041
sample1	0.0442937447073	-0.0477952715847	-0.196640458002
sample3	0.0304198802565	-0.127740013076	-0.0637668433908
sample2	-0.175599203682	-0.202440464102	-0.114184194968
sample8	-0.13890637803	0.08620691271	0.0965795565852

Biplot	0	0

Site constraints	0	0
