Eigvals	3
106.672411537	54.0304255328	50.9727813923

Proportion explained	3
0.289722879293	0.175526811535	0.150757259217

Species	0	0

Site	11	3
MCT.f.0037	-0.00423157319553	-0.00628160182631	0.0876515356556
MCT.f.0036	-0.15675185664	0.0942395501329	-0.0681722576939
MCT.f.0048	0.0967324650497	0.0269451917064	0.0340338558554
MCT.f.0049	-0.000470071808995	-0.0454798567765	-0.00383003191707
MCT.f.0044	-0.0171887572977	-0.0647758271544	0.0794171630032
MCT.f.0045	0.0125767880297	-0.0191553369541	-0.0843399060077
MCT.f.0039	-0.0670589700673	-0.0948761914972	-0.0535468110076
MCT.f.0038	0.0119684949731	0.029503926783	0.0649499434914
MCT.f.0042	0.0428815341234	0.0556041415851	0.0321461553918
MCT.f.0043	0.0669337332782	0.0183722300736	-0.0111562982922
MCT.f.0050	0.0146082135553	0.00590377392743	-0.0771533484789

Biplot	0	0

Site constraints	0	0
