Eigvals	3
106.672411537	54.0304255328	50.9727813923

Proportion explained	3
0.289722879293	0.175526811535	0.150757259217

Species	0	0

Site	11	3
MCT.f.0037	-0.250786333525	0.143192845545	0.101932780231
MCT.f.0036	-0.205722729995	0.0803282275464	0.13077450357
MCT.f.0048	0.389640064028	0.23541722863	0.201122800944
MCT.f.0049	0.312158229132	0.10078408757	-0.131977925439
MCT.f.0044	0.0482656837633	-0.265798811968	0.127604527699
MCT.f.0045	0.00162215080498	-0.187943900199	0.18507737317
MCT.f.0039	-0.162961596994	0.115645498065	-0.137081918441
MCT.f.0038	-0.21399695469	0.161558133117	-0.031736573561
MCT.f.0042	-0.0266521179063	-0.121474462984	-0.130061618673
MCT.f.0043	0.025164109418	-0.247050329189	-0.0434950484958
MCT.f.0050	0.0832694959641	-0.0146585161313	-0.272158901006

Biplot	0	0

Site constraints	0	0
