Eigvals	3
107.377607004	105.08727484	51.3297634952

Proportion explained	3
0.218699149147	0.193261701577	0.122142503214

Species	0	0

Site	13	3
sample11	-0.205841701524	-0.103075478882	-0.0243891701138
sample10	0.202299207076	-0.261837374855	0.0870141311698
sample13	0.110614968956	0.174421150556	0.130321429345
sample12	0.202101568507	-0.278797939998	0.176901815237
sample15	-0.216103007712	0.0988082293826	0.173950761651
sample14	0.0599993138652	-0.0103228838271	-0.267507212701
sample5	-0.153940380968	0.021148608842	-0.0808472288722
sample4	0.259475596029	0.10361599794	-0.0982185054111
sample7	-0.162277255503	-0.0566122402756	-0.195787328318
sample6	-0.130612479809	0.017828339535	0.0732351893199
sample3	0.257482482039	0.245419435756	-0.0760024754112
sample2	-0.102736315121	0.171950415685	0.19516885956
sample8	-0.120461995837	-0.122546259857	-0.0938402654563

Biplot	0	0

Site constraints	0	0
