Eigvals	3
107.377607004	105.08727484	51.3297634952

Proportion explained	3
0.218699149147	0.193261701577	0.122142503214

Species	0	0

Site	13	3
sample11	0.00295497414307	-0.00852672411936	0.0697061696707
sample10	0.0424254927903	-0.109602137503	-0.000930257094149
sample13	-0.030901811578	-0.019867210903	0.00518177135334
sample12	-0.0391600124455	0.0270874486992	0.0207911818834
sample15	0.0685665499399	-0.0135615993093	0.108535608734
sample14	0.0454236466955	-0.114824269313	-0.0342682621644
sample5	-0.0447997345867	0.0164769935912	0.0254083648167
sample4	0.104910459198	0.170696696211	-0.144479112853
sample7	-0.0346728597642	-0.0612573338032	-0.106605048938
sample6	-0.0851507471023	-0.0296517313991	-0.0808534071567
sample3	0.0671468295673	0.0277266365324	0.120346045471
sample2	-0.031411525766	0.121485428932	0.0621473188012
sample8	-0.0653312610912	-0.0061821976163	-0.0449803725246

Biplot	0	0

Site constraints	0	0
