Eigvals	3
98.2957221112	63.0065261533	46.1701640892

Proportion explained	3
0.233893675114	0.17570390545	0.137467843872

Species	0	0

Site	12	3
sample11	0.141810636837	-0.176235633616	0.124374937187
sample10	-0.0147375224135	-0.0766466670162	-0.384331389022
sample13	-0.247557245783	-0.00815172350675	0.0859602272543
sample12	-0.222692273086	0.161620906951	0.0374953183717
sample5	0.242240958007	-0.0926907341009	0.0503121961569
sample4	0.111876154654	0.17900095419	0.167291097286
sample7	0.0826292745358	-0.242764791481	0.121778687227
sample6	0.303003359363	0.218877220079	-0.117283745887
sample3	0.0035051554337	0.273159839827	0.0534864906609
sample2	-0.247557245783	-0.00815172350675	0.0859602272543
sample9	-0.0501365858899	-0.235765271972	-0.0200758082356
sample8	-0.102384665874	0.00774762415209	-0.204968238253

Biplot	0	0

Site constraints	0	0
