Eigvals	3
98.2957221112	63.0065261533	46.1701640892

Proportion explained	3
0.233893675114	0.17570390545	0.137467843872

Species	0	0

Site	12	3
sample11	-0.0176333012519	0.0679411777008	0.0968042263153
sample10	-0.0570924563868	-0.0163061958444	-0.0756512980246
sample13	-0.146392294067	-0.117838919725	0.0231756905871
sample12	-0.0443810858164	0.127086148594	-0.0516019249935
sample5	0.05465457493	-0.0192817600058	0.0584738494808
sample4	-0.0292609082259	-0.0172131873116	0.0558750019624
sample7	0.0860947078605	-0.0262410771374	-0.0820467031528
sample6	0.0502119671105	-0.0143963704241	-0.11889880665
sample3	0.0226648289239	-0.00334968540169	0.121359302099
sample2	0.0092324819326	0.0379638021531	0.0538951456552
sample9	-0.0125099284273	0.017607386028	-0.0136927905132
sample8	0.0844114134174	-0.0359713186255	-0.0676916927653

Biplot	0	0

Site constraints	0	0
