Eigvals	3
275.293354553	131.486187717	52.173404678

Proportion explained	3
0.482384035144	0.274550366351	0.138450713499

Species	0	0

Site	6	3
MCT.f.0095	0.202890004531	-0.120828393042	0.0512071574106
MCT.f.0094	0.0153370182961	-0.184267747954	-0.129434906725
MCT.f.0091	-0.202469217718	-0.129888680294	-0.0323295945273
MCT.f.0089	-0.142437551818	0.0084519693962	0.109483001935
MCT.f.0099	0.19230363797	-0.0248643004452	0.151716463461
MCT.f.0098	-0.0656238912617	0.451397152339	-0.150642121554

Biplot	0	0

Site constraints	0	0
