Eigvals	3
275.293354553	131.486187717	52.173404678

Proportion explained	3
0.482384035144	0.274550366351	0.138450713499

Species	0	0

Site	6	3
MCT.f.0095	0.30554447755	-0.192328947823	0.0114841498931
MCT.f.0094	0.221876266551	-0.284891150531	0.0657491126016
MCT.f.0091	-0.445606414539	-0.163442630286	-0.251302890128
MCT.f.0089	-0.323683386943	0.0524452677719	0.324978683413
MCT.f.0099	0.168999885156	0.241934029195	-0.144516218745
MCT.f.0098	0.072869172225	0.346283431674	-0.0063928370349

Biplot	0	0

Site constraints	0	0
