Eigvals	3
183.754939649	67.2163316655	62.141623017

Proportion explained	3
0.427509850568	0.160148699255	0.142551809861

Species	0	0

Site	14	3
MCT.f.0129	-0.042641075796	-0.107407096902	-0.115698115463
MCT.f.0128	-0.0402913873798	-0.0232619884668	-0.0248008822504
MCT.f.0123	0.0376051056802	0.0564279964705	0.0118639268556
MCT.f.0127	0.00659094996297	0.0279078845623	0.0117374051146
MCT.f.0126	0.0419073309286	-0.0464395312101	-0.0358125439505
MCT.f.0125	0.0102405530996	0.0639732578049	-0.0139919627601
MCT.f.0124	-0.0831326675701	0.0330953300422	0.0686506676825
MCT.f.0134	0.0165183178026	0.0708435793349	0.0283157587102
MCT.f.0135	-0.0589880564262	-0.0486880696884	-0.0101559100306
MCT.f.0136	0.0112694068957	0.0120820882556	-0.0474860835855
MCT.f.0130	0.0520025830319	-0.00941800744557	0.113488736397
MCT.f.0131	-0.0239836560524	-0.00833559023597	-0.0238859126081
MCT.f.0132	0.0304351861484	0.0257114362515	0.00732392434056
MCT.f.0133	0.0424674096745	-0.0464912887727	0.0304509915476

Biplot	0	0

Site constraints	0	0
