Eigvals	3
183.754939649	67.2163316655	62.141623017

Proportion explained	3
0.427509850568	0.160148699255	0.142551809861

Species	0	0

Site	14	3
MCT.f.0129	-0.133797303766	-0.198993662736	-0.0404954764007
MCT.f.0128	-0.160964686727	-0.182001878581	-0.0746061971703
MCT.f.0123	-0.119942283715	0.153170654587	0.220796940452
MCT.f.0127	-0.206804138758	-0.0582523979279	-0.149351733964
MCT.f.0126	-0.245735493709	0.0664594337862	-0.111789062357
MCT.f.0125	-0.212434488595	0.159969495659	-0.0135735331969
MCT.f.0124	-0.197994631102	0.204457138751	0.033440890707
MCT.f.0134	0.319673904891	0.0715840533222	-0.055692571427
MCT.f.0135	0.292501204939	0.0557826324137	-0.102379117769
MCT.f.0136	0.19035866374	0.0371715730138	-0.143569198809
MCT.f.0130	-0.0393871809169	-0.170480143369	0.127151058836
MCT.f.0131	0.0552366199317	-0.0951258433197	0.16655237518
MCT.f.0132	0.181171503626	-0.0580619435328	0.150501092184
MCT.f.0133	0.278118310162	0.014320887934	-0.00698546626504

Biplot	0	0

Site constraints	0	0
