Eigvals	3
134.857205943	68.1810470696	46.404120487

Proportion explained	3
0.24137925953	0.147362129174	0.109905671325

Species	0	0

Site	14	3
sample11	-0.130314710017	0.245345140374	0.0707738486192
sample10	-0.00191567872673	0.101111346382	-0.0775848952981
sample13	-0.238563676087	-0.172411493113	0.123828533732
sample12	-0.0751582560338	-0.074036620303	-0.184280291858
sample15	0.0940279581765	0.062343220679	-0.00145494968127
sample14	-0.345629932533	0.202170186486	0.14159010454
sample5	0.222978498896	-0.0554701218685	0.236606112671
sample4	-0.00703180047705	-0.0994374491783	0.146289610881
sample7	-0.11773244722	-0.179297235913	-0.216773907964
sample6	-0.0944239507683	-0.17098795264	-0.0986470808315
sample1	0.131518613499	-0.149783741068	0.00576317982266
sample3	0.158140320719	0.0417691293808	-0.0669527805849
sample9	0.158087698805	0.275081114856	-0.188541070835
sample8	0.246017361768	-0.0263955240732	0.109383586787

Biplot	0	0

Site constraints	0	0
