Eigvals	3
134.857205943	68.1810470696	46.404120487

Proportion explained	3
0.24137925953	0.147362129174	0.109905671325

Species	0	0

Site	14	3
sample11	-0.0113825349022	0.0729825421293	-0.0381225706301
sample10	-0.0275574421116	0.0520917252557	-0.0358060039428
sample13	-0.102939647285	0.0187590622034	0.0412282138953
sample12	-0.0714603223569	-0.055358297194	0.167707850833
sample15	-0.0166867231088	0.00612733148547	0.106138774398
sample14	-0.0628485590155	0.0333674793293	-0.0324330112268
sample5	0.160001864447	-0.0330710398574	0.164859661729
sample4	0.0221417424157	-0.0586975981262	-0.0108780445494
sample7	0.00768751572735	0.00375877388205	-0.0992209990803
sample6	0.0178525594127	-0.0850372944084	-0.0663906542359
sample1	0.00560744929357	-0.0974834513571	-0.084654222262
sample3	0.0531563715875	-0.000454612912581	-0.0452340669662
sample9	0.0279207068663	0.0537914181257	0.0245706945712
sample8	-0.00149298097078	0.0892239614447	-0.091765622534

Biplot	0	0

Site constraints	0	0
