Eigvals	3
179.256695371	116.721261145	73.4632719922

Proportion explained	3
0.240037396946	0.190253897284	0.131858014809

Species	0	0

Site	16	3
MCT.f.0440	-0.155334307436	0.0899753040284	0.142641900604
MCT.f.0441	-0.254462398059	0.0826636557113	0.122854069052
MCT.f.0442	-0.260562169977	0.0144113002474	0.0301258215716
MCT.f.0427	-0.131084908614	-0.290770426342	-0.117226829157
MCT.f.0439	-0.0587559971618	0.114700446993	0.116835298284
MCT.f.0438	0.0317345219984	0.187252448715	-0.0280420907135
MCT.f.0428	-0.122953896502	-0.276868859017	-0.0959278072333
MCT.f.0429	0.0604342558024	-0.213343248397	0.158857673124
MCT.f.0431	0.251985699343	-0.0142705265302	0.110472134752
MCT.f.0430	0.198298717223	-0.0864851930225	0.263191610312
MCT.f.0433	0.0856992515102	-0.0663311323829	-0.156362127573
MCT.f.0432	0.231606842452	-0.00565735351849	-0.0720744509209
MCT.f.0435	0.0392832978625	0.0633580163699	-0.126425597214
MCT.f.0434	0.0618327443924	0.0171603249667	-0.173673832417
MCT.f.0437	0.0150082183884	0.219182563685	-0.0897202262333
MCT.f.0436	0.00727012877777	0.165022678493	-0.085525546237

Biplot	0	0

Site constraints	0	0
