Eigvals	3
179.256695371	116.721261145	73.4632719922

Proportion explained	3
0.240037396946	0.190253897284	0.131858014809

Species	0	0

Site	16	3
MCT.f.0440	0.0485799723881	0.0577742395254	-0.0598264359283
MCT.f.0441	-0.0508873850539	-0.0274895669952	-0.0227833598518
MCT.f.0442	-0.0851507553537	-0.084273395489	-0.000708506452747
MCT.f.0427	-0.0120478044685	-0.0343176350771	0.0562221586018
MCT.f.0439	0.0500673914344	0.149998227337	0.0649299131939
MCT.f.0438	0.0569476774024	0.0213495940217	0.0445893081357
MCT.f.0428	-0.0865528020206	-0.0962426581522	0.00279662834393
MCT.f.0429	-0.0612971416945	-0.0480805605711	-0.00687384516063
MCT.f.0431	0.110146974987	-0.0491304476893	0.0348964827139
MCT.f.0430	0.0678809129871	-0.0761656207634	0.0793341524705
MCT.f.0433	0.108396634204	-0.0270840772461	-0.116540533341
MCT.f.0432	0.0848770252369	0.0269128422018	0.0840425214347
MCT.f.0435	-0.0261033319137	0.028358764909	-0.0908297048891
MCT.f.0434	-0.0242766798692	-0.0410242473666	-0.0482251704419
MCT.f.0437	-0.0980493079263	0.24156218201	0.0822140320602
MCT.f.0436	-0.0825313803391	-0.0421476406545	-0.103237640889

Biplot	0	0

Site constraints	0	0
