Eigvals	3
186.765142449	76.5459929865	46.5053931044

Proportion explained	3
0.290366464393	0.156982419455	0.121997479385

Species	0	0

Site	11	3
sample11	0.0314286179527	-0.118226700171	0.127126237659
sample12	0.00102532316416	-0.15304326716	-0.0401987417253
sample14	-0.042665354156	-0.093955325627	0.0142516420223
sample17	-0.151987242018	-0.0488714138876	0.00738935743494
sample16	-0.0724643365044	-0.00147285264105	0.0295644229231
sample5	0.0837967273405	0.0739004153819	0.0404121145084
sample4	-0.0669881062734	0.112702443977	-0.016148869995
sample7	-0.0188157519704	0.0761688367284	-0.00645272198407
sample6	0.0243229573916	0.0896453001936	-0.120176742081
sample3	0.166778112274	0.125879818151	-0.150928388721
sample9	0.0455690527985	-0.062727254945	0.115161689959

Biplot	0	0

Site constraints	0	0
