Eigvals	3
186.765142449	76.5459929865	46.5053931044

Proportion explained	3
0.290366464393	0.156982419455	0.121997479385

Species	0	0

Site	11	3
sample11	0.0217728773344	-0.144459678007	0.226421646887
sample12	0.24173584717	-0.107880869674	-0.167304697576
sample14	-0.230066257103	0.0916700348435	-0.0498596163567
sample17	0.0449024526653	-0.0960982205551	0.0451364927039
sample16	-0.00241941937373	0.123432431695	0.195967488689
sample5	0.310583325139	-0.118666984162	-0.0482011451424
sample4	0.0718160931088	0.312275872231	-0.00618402644506
sample7	-0.325717608444	0.0326191523233	-0.108473240156
sample6	-0.126380238187	-0.178668694702	-0.321852260145
sample3	0.122380075805	0.272656754445	-0.0317297326622
sample9	-0.128607148115	-0.186879798438	0.266079090203

Biplot	0	0

Site constraints	0	0
