Eigvals	3
207.350529913	67.6986793151	62.1812903937

Proportion explained	3
0.38800640681	0.152715105844	0.143730686689

Species	0	0

Site	15	3
MCT.f.0129	-0.0114420469883	-0.126412852487	-0.0812846419373
MCT.f.0128	-0.0274809511004	-0.0411821013339	-0.0159084862133
MCT.f.0123	0.0119523154764	0.0578884039335	-0.00449441864081
MCT.f.0122	-0.00338747850373	0.0613542031413	0.0474865879658
MCT.f.0127	-0.00242071974848	0.0228641197623	0.00186439615109
MCT.f.0126	0.047750584014	-0.0364707540648	-0.0357111535539
MCT.f.0125	-0.0143482549227	0.0490489107541	-0.0260473232764
MCT.f.0124	-0.0735178774281	0.00957957364264	0.0658321040656
MCT.f.0134	-0.0072234470381	0.0637892476725	0.00852066309053
MCT.f.0135	-0.0332312628201	-0.0647040670915	0.0040553983864
MCT.f.0136	0.00122119575376	5.22579483687e-06	-0.0489852645295
MCT.f.0130	0.0579700994628	0.0249996102046	0.0887330656901
MCT.f.0131	-0.0175017295029	-0.0250402495408	-0.0218025845916
MCT.f.0132	0.0177350935315	0.0275899708398	-0.00566100074137
MCT.f.0133	0.0539244798144	-0.0233092412277	0.0234026581347

Biplot	0	0

Site constraints	0	0
