Eigvals	3
207.350529913	67.6986793151	62.1812903937

Proportion explained	3
0.38800640681	0.152715105844	0.143730686689

Species	0	0

Site	15	3
MCT.f.0129	-0.0793348702201	-0.166230252698	0.0649290811339
MCT.f.0128	-0.116356051756	-0.19799268407	-0.097884688424
MCT.f.0123	-0.156369886411	0.102763273861	0.162850354177
MCT.f.0122	-0.14496303769	0.124908464404	0.198853441043
MCT.f.0127	-0.129976267763	-0.180964216122	-0.147045816299
MCT.f.0126	-0.199319618866	0.0578645053203	-0.226068329708
MCT.f.0125	-0.199398507582	0.158417066438	-0.0743796575661
MCT.f.0124	-0.192830837833	0.196306222491	-0.0182597657232
MCT.f.0134	0.331946095706	0.0841763855563	-0.068130812194
MCT.f.0135	0.212243762567	0.0322986299978	-0.107266997526
MCT.f.0136	0.0991216152809	-0.0418530165453	-0.0297265716923
MCT.f.0130	-0.0379495250358	-0.131928881898	0.111866936553
MCT.f.0131	0.0711022140553	-0.10223971708	0.159725097166
MCT.f.0132	0.199549639102	-0.034511559663	0.121800493121
MCT.f.0133	0.342535276445	0.0989857800072	-0.0512627640622

Biplot	0	0

Site constraints	0	0
