Eigvals	3
176.766894788	62.3491101864	36.4162493225

Proportion explained	3
0.486486087686	0.20961442984	0.123285231429

Species	0	0

Site	11	3
MCT.f.0527	0.0514602327465	0.183473248979	0.0172434645417
MCT.f.0526	0.00420070674973	0.0268856100795	-0.11435767803
MCT.f.0525	0.146210049103	-0.123933549452	0.0471535911872
MCT.f.0524	0.0827365137311	-0.0686282343114	-0.0852767539695
MCT.f.0523	-0.0182724557812	0.0539515144246	-0.0727025179549
MCT.f.0522	-0.0427378963716	-0.0985937400955	0.113470346746
MCT.f.0520	0.149642562408	-0.124699686598	0.00162725167536
MCT.f.0516	-0.148067147986	0.0192190980853	0.0508048165346
MCT.f.0517	-0.145969746036	0.0405749896827	0.0708121321188
MCT.f.0515	-0.120306306759	0.209573206337	0.0782522482661
MCT.f.0519	0.0411034881952	-0.117822457131	-0.107026901115

Biplot	0	0

Site constraints	0	0
