Eigvals	3
176.766894788	62.3491101864	36.4162493225

Proportion explained	3
0.486486087686	0.20961442984	0.123285231429

Species	0	0

Site	11	3
MCT.f.0527	0.135951813792	0.212073309909	-0.202252872644
MCT.f.0526	0.232602494274	0.170294381828	-0.103368492325
MCT.f.0525	0.23969262585	0.0904282404021	0.0425626929086
MCT.f.0524	0.237320415323	-0.015046536044	0.110390967815
MCT.f.0523	0.204650281331	-0.146213504498	0.0968828849145
MCT.f.0522	0.139637652282	-0.230198225431	0.103975903139
MCT.f.0520	-0.111360279901	-0.227066030387	-0.151600908285
MCT.f.0516	-0.289256414227	0.0931073991315	0.0727694793704
MCT.f.0517	-0.325175112285	0.0666000969848	0.0412211310324
MCT.f.0515	-0.245168074416	0.161281830834	0.150381389585
MCT.f.0519	-0.218895402024	-0.175260962729	-0.16096217551

Biplot	0	0

Site constraints	0	0
