Eigvals	3
195.53702309	70.1425521657	37.1179652827

Proportion explained	3
0.368557742736	0.183686543851	0.139477697697

Species	0	0

Site	13	3
MCT.f.0527	-0.0484375383046	-0.0403437099766	0.148604616661
MCT.f.0526	0.0158140558019	-0.101947257378	0.0123826564438
MCT.f.0525	0.133788903312	0.0726924399293	0.006340662906
MCT.f.0524	0.0991653670171	-0.0465046534378	-0.00905855072095
MCT.f.0523	-0.0204862034713	-0.0733657860096	0.0177519681653
MCT.f.0522	-0.013983353894	0.0911685369037	-0.043865089897
MCT.f.0520	0.145985110066	0.0430465678751	-0.00505505539858
MCT.f.0516	-0.11609800638	0.0065940727422	-0.0396137882271
MCT.f.0517	-0.130994923257	0.0212247430137	-0.0250329147489
MCT.f.0514	0.0932019637608	0.0270591803198	-0.0672837696986
MCT.f.0515	-0.185227872587	-0.0160805428732	0.0946494666646
MCT.f.0513	-0.0698835049332	0.0706487341076	-0.0203627559451
MCT.f.0519	0.0971560028695	-0.0541923252166	-0.069457446204

Biplot	0	0

Site constraints	0	0
