Eigvals	3
195.53702309	70.1425521657	37.1179652827

Proportion explained	3
0.368557742736	0.183686543851	0.139477697697

Species	0	0

Site	13	3
MCT.f.0527	-0.00376050117766	-0.180529900554	0.195599530093
MCT.f.0526	0.0560226107334	-0.21063200261	0.219579668222
MCT.f.0525	0.197548765054	-0.0793237347135	0.143682900578
MCT.f.0524	0.298977012724	0.0362100054424	0.0217509846094
MCT.f.0523	0.267250704793	0.135009135409	-0.113057136148
MCT.f.0522	0.181595304355	0.129226919947	-0.169091539996
MCT.f.0520	0.038015241491	-0.0283854072658	-0.143630546407
MCT.f.0516	-0.221433122574	-0.111001040597	-0.130566789468
MCT.f.0517	-0.171770166051	-0.155812837404	-0.167627704327
MCT.f.0514	-0.180108733197	0.203984997865	0.102691606398
MCT.f.0515	-0.231603406006	0.163323306794	0.0701713788599
MCT.f.0513	-0.137248407075	0.231384739139	0.132257996698
MCT.f.0519	-0.0934853030702	-0.133454181451	-0.161760349111

Biplot	0	0

Site constraints	0	0
