Eigvals	3
121.380052789	103.991351172	62.7958037299

Proportion explained	3
0.221018579116	0.196831367534	0.139505879352

Species	0	0

Site	14	3
sample11	-0.00635210551585	0.02335693364	0.190209388307
sample10	-0.0342471146805	-0.118726579992	0.0384474689863
sample12	0.0321629815175	0.0648175322183	-0.0891330307303
sample15	0.15375387054	-0.0995767570148	0.0667283498029
sample14	0.0837786497743	0.0583949047999	-0.016646881419
sample17	0.170088242648	0.124040269779	0.0639203723648
sample16	0.0422788065732	-0.0352931377595	-0.131028577237
sample5	-0.0464012345195	-0.0459370036277	0.0663069625256
sample4	-0.0499865489713	0.0229581262924	-0.0667888342143
sample6	-0.0194756542706	0.041046164258	-0.0994088952018
sample1	-0.072833046832	0.0345812372734	-0.0181952870738
sample3	-0.145617503242	0.0630595386564	-0.00943052539093
sample9	-0.0472139700601	-0.0417834978416	-0.0362732021033
sample8	-0.059935372961	-0.0909377306823	0.0412926913846

Biplot	0	0

Site constraints	0	0
