Eigvals	3
121.380052789	103.991351172	62.7958037299

Proportion explained	3
0.221018579116	0.196831367534	0.139505879352

Species	0	0

Site	14	3
sample11	-0.00468903595218	-0.180539648157	0.140985652718
sample10	0.0960851114644	-0.137731869394	-0.0642635503329
sample12	0.135726960009	0.0108400901327	0.0397811519376
sample15	0.290148325936	-0.027067035382	0.0407129151876
sample14	0.140881188404	0.0449652045589	0.0990299495573
sample17	0.162638349664	-0.0307260238156	-0.0118656239231
sample16	0.137659656449	0.0787393427377	-0.266674642635
sample5	-0.0454133526099	0.420956019131	0.26053904037
sample4	-0.0589222564417	0.16013806391	-0.190858252045
sample6	-0.140170365989	-0.193832894888	-0.0071188492166
sample1	-0.339436854239	0.0205661490956	0.00297877611018
sample3	-0.144624275266	0.0860037926033	-0.229457884642
sample9	-0.140414368975	-0.0946313634493	0.0316659537284
sample8	-0.0894690824538	-0.157679827083	0.154545363186

Biplot	0	0

Site constraints	0	0
