Eigvals	3
421.192983849	90.1913839768	76.2036589224

Proportion explained	3
0.456429255792	0.180967563493	0.132480287223

Species	0	0

Site	9	3
sample11	-0.108909167174	-0.118725849484	-0.135538525385
sample10	-0.0809790654735	-0.0825393223333	-0.0719027312668
sample13	0.293861259715	0.291935081191	-0.0338461811417
sample14	0.427740043899	0.0268029498458	0.0137862844962
sample5	-0.233508089825	0.20577619507	-0.220410745655
sample6	0.163442555261	-0.335387967244	0.0519301872146
sample1	-0.188082686715	0.221914584686	0.257999682099
sample2	-0.160888840689	-0.0850661964418	0.257558514411
sample8	-0.112676008999	-0.124709475289	-0.119576484772

Biplot	0	0

Site constraints	0	0
