Eigvals	3
421.192983849	90.1913839768	76.2036589224

Proportion explained	3
0.456429255792	0.180967563493	0.132480287223

Species	0	0

Site	9	3
sample11	-0.0507077303517	-0.0833393756173	-0.119369009428
sample10	0.00106193493465	-0.00856065297748	-0.0954103278658
sample13	0.0879296544791	0.138892454155	-0.116461932301
sample14	0.156697918757	0.00988984387523	0.0908538350999
sample5	0.0321202828984	-0.0772707454702	0.0480174996805
sample6	-0.0125390712704	-0.14017021979	-0.0298579477832
sample1	-0.181224229801	0.328672033072	0.310693070375
sample2	0.0175669419509	-0.0867354689026	-0.0269960090088
sample8	-0.0509057015962	-0.0813778683438	-0.0614691787675

Biplot	0	0

Site constraints	0	0
