Eigvals	3
104.778448271	79.798348942	37.00700227

Proportion explained	3
0.231892868802	0.192382359786	0.122539356265

Species	0	0

Site	13	3
sample11	-0.11920096797	-0.160723199906	0.151622666734
sample10	-0.189689572113	0.0220764346118	-0.150318663493
sample13	0.259686902004	0.141921271138	0.18766535775
sample12	-0.0197553906466	-0.0438639462228	-0.125441861139
sample5	-0.165560555685	0.032762039388	0.0240977208436
sample4	0.105587466541	0.263382982101	-0.141688379105
sample7	0.251634986416	0.0727006291632	0.182935744922
sample6	-0.134319226519	-0.19381832028	0.0636134166275
sample1	-0.0814683377907	0.0967775533336	0.142602672676
sample3	-0.0736699213069	0.210836665418	-0.232606007098
sample2	-0.20146178566	0.0466039359562	0.161281347807
sample9	0.146735250661	-0.289352555764	-0.0695856302917
sample8	0.221481152069	-0.199303488938	-0.194178386233

Biplot	0	0

Site constraints	0	0
