Eigvals	3
104.778448271	79.798348942	37.00700227

Proportion explained	3
0.231892868802	0.192382359786	0.122539356265

Species	0	0

Site	13	3
sample11	-0.0597407282291	-0.164962926914	0.0365571749302
sample10	-0.0882874037568	-0.0725356495533	-0.0710447405492
sample13	0.0808342115066	-0.0193533933117	-0.0379726826864
sample12	-0.0681707983262	-0.089858904536	-0.0914953187253
sample5	-0.00215654861176	-0.0880813597723	0.00531951769691
sample4	0.151272632546	0.0771878798986	0.0550787941696
sample7	0.0931504707754	0.0124205516643	0.146447380937
sample6	0.0232371049842	-0.0501198574223	0.119106431785
sample1	-0.0879250112446	0.07272629257	-0.0226934923186
sample3	-0.0688121416544	0.0532873300714	-0.0517666142694
sample2	-0.0772593511291	0.217605487095	0.0421425187744
sample9	0.0419754096089	0.099828361727	-0.0767097584246
sample8	0.0618821535311	-0.0481438115166	-0.05296921132

Biplot	0	0

Site constraints	0	0
