Eigvals	3
152.204027803	87.6350558544	62.4544573022

Proportion explained	3
0.255440072739	0.178063624661	0.143883307011

Species	0	0

Site	10	3
sample11	-0.0368746341448	0.026441371542	0.137933064265
sample13	0.0145510069206	-0.0074864308881	0.101996426546
sample12	-0.0186406179739	0.0978747512608	0.143331769127
sample14	0.000252450474887	0.118482008218	0.0424328833791
sample4	-0.0636342460066	0.0803246995005	-0.248577276695
sample7	0.247796369516	0.0146812790656	-0.0897666770411
sample6	-0.0318258511425	-0.0656616792609	-0.0140329218318
sample2	-0.0992244886086	-0.0741537103051	-0.099429403303
sample9	-0.0177818864716	-0.0743992813801	0.0690172391139
sample8	0.00538189743692	-0.116103007753	-0.0429051035607

Biplot	0	0

Site constraints	0	0
