Eigvals	3
152.204027803	87.6350558544	62.4544573022

Proportion explained	3
0.255440072739	0.178063624661	0.143883307011

Species	0	0

Site	10	3
sample11	-0.0386526322292	-0.107648548541	0.35590824047
sample13	0.141525880936	-0.143325448653	0.198767229463
sample12	0.115369637829	-0.0756321422132	0.0370136087543
sample14	0.0883189610114	0.364026405046	-0.0527144595713
sample4	-0.0379728151801	-0.173745160893	-0.324410212453
sample7	0.23298565577	0.199626658268	-0.0626492515075
sample6	-0.32775290209	0.136931841546	-0.0445220900121
sample2	0.0406813078538	0.100257133789	0.0564544989449
sample9	-0.347395408849	-0.0423183121294	0.0142116360408
sample8	0.132892314948	-0.25817242622	-0.178059200128

Biplot	0	0

Site constraints	0	0
