Eigvals	3
186.034087919	143.552093967	94.5816779472

Proportion explained	3
0.275073334112	0.212882355553	0.14899669846

Species	0	0

Site	13	3
MCT.f.0068	0.0564278849661	0.185329470758	0.00602871713229
MCT.f.0058	-0.0856580605901	-0.0715253366358	-0.187100162798
MCT.f.0057	-0.211385489282	0.00182147560755	-0.0227746233771
MCT.f.0056	-0.249547475097	0.0166522237283	0.0742715692093
MCT.f.0055	-0.259451113296	0.0608303885153	0.142511440899
MCT.f.0054	-0.190769611302	0.0902212614706	0.147908205108
MCT.f.0063	0.286637573134	-0.124985736965	0.271212589048
MCT.f.0059	-0.029702936577	-0.13313433159	-0.200808454222
MCT.f.0061	0.119567862177	-0.274714016154	0.102586356945
MCT.f.0066	0.167173287271	0.209349145807	-0.101848623728
MCT.f.0067	0.134440019637	0.198561865688	-0.0833477977361
MCT.f.0065	0.247225875574	0.113525185901	-0.0127419273085
MCT.f.0060	0.015042183384	-0.271931596131	-0.135897289173

Biplot	0	0

Site constraints	0	0
