Eigvals	3
186.034087919	143.552093967	94.5816779472

Proportion explained	3
0.275073334112	0.212882355553	0.14899669846

Species	0	0

Site	13	3
MCT.f.0068	0.124168636347	0.195807867346	-0.231791534446
MCT.f.0058	-0.12299323258	-0.106508026138	0.027930430613
MCT.f.0057	-0.0617328494599	-0.0317650058562	0.0368417541228
MCT.f.0056	-0.169129114192	0.0346321257066	-0.0237194267729
MCT.f.0055	-0.0418237351832	0.0548868118719	0.0533577270767
MCT.f.0054	-0.120761677579	0.0232398566821	0.0022259923942
MCT.f.0063	0.163067413898	-0.0577532275877	0.0352345325682
MCT.f.0059	-0.0887023586771	-0.0975832916097	-0.154449629446
MCT.f.0061	0.117220091733	-0.068419934971	-0.0365365771544
MCT.f.0066	0.129040917844	0.0330014711049	0.0641546583506
MCT.f.0067	0.049085969292	0.0821755391363	0.0677152582372
MCT.f.0065	-0.00324735792886	0.0459614052944	0.177516410446
MCT.f.0060	0.0258072964872	-0.10767559098	-0.0184795959898

Biplot	0	0

Site constraints	0	0
