Eigvals	3
107.333480549	105.09520976	51.3264288632

Proportion explained	3
0.204155796025	0.19379900587	0.119769554668

Species	0	0

Site	13	3
sample11	-0.246339787669	0.0435222360429	-0.0547036926643
sample10	0.178029049524	0.261406110882	-0.099424508158
sample13	0.0976770086525	-0.132730975812	0.107245484516
sample12	0.195614903932	0.281434383682	-0.105852782492
sample14	-0.0103072341456	-0.166732181917	-0.282640077307
sample5	-0.208533308208	-0.0598252461589	-0.0294065730167
sample4	0.239208986449	-0.138777013198	-0.00747465749129
sample7	-0.210270109297	-0.0565316915699	-0.152876790817
sample6	-0.134113335817	0.00819584374886	0.0214330501151
sample1	-0.00694806952424	0.202039918692	0.17529055098
sample3	0.251215777372	-0.271690394603	0.0469090042373
sample2	-0.0915094910063	-0.0413379404287	0.321374510839
sample9	-0.0537243902624	0.0710269506397	0.060126481259

Biplot	0	0

Site constraints	0	0
