Eigvals	3
107.333480549	105.09520976	51.3264288632

Proportion explained	3
0.204155796025	0.19379900587	0.119769554668

Species	0	0

Site	13	3
sample11	-0.0165735675925	0.0227810937985	0.0265593642671
sample10	0.0219111433313	0.0474111281406	-0.00394037803422
sample13	0.00570598568334	-0.0252157441679	-0.091929415729
sample12	-0.0216326696529	0.0143525997076	-0.00950795047544
sample14	0.0769335660659	0.0554404257707	-0.0161849727023
sample5	-0.0851234499087	-0.0276257826805	-0.0116451460681
sample4	-0.0202914636681	0.028578514445	0.019882128355
sample7	-0.0580945497278	-0.0112037511091	0.00379423927829
sample6	-0.0630287652366	-0.0565996874408	-0.0434292745446
sample1	0.0129159445938	0.0395053241672	0.0957121956668
sample3	0.0481626898806	-0.145115233544	0.102496967965
sample2	0.0847188048869	0.0598673126215	0.0145561234699
sample9	0.0143963313446	-0.00217619970933	-0.0863638814484

Biplot	0	0

Site constraints	0	0
