Eigvals	3
69.9800118374	33.489643436	23.6193132472

Proportion explained	3
0.393335572749	0.219553549091	0.166371431714

Species	0	0

Site	6	3
sample5	0.0934626140643	-0.0320735778233	0.326397115051
sample7	0.344582341768	0.179540963529	0.0203420489388
sample6	-0.100944894664	-0.0587399461809	-0.193265118672
sample1	-0.152978660393	0.125147286685	0.0694434239871
sample3	-0.0314167081383	-0.304591422356	-0.197023879422
sample2	-0.152704692637	0.0907166961457	-0.025893589882

Biplot	0	0

Site constraints	0	0
