Eigvals	3
69.9800118374	33.489643436	23.6193132472

Proportion explained	3
0.393335572749	0.219553549091	0.166371431714

Species	0	0

Site	6	3
sample5	0.0509761552028	-0.143559173934	0.337128252642
sample7	0.486222518697	0.299814980455	-0.0623590499516
sample6	0.198652576082	-0.398562043472	-0.129608673944
sample1	-0.237517740386	0.154157874445	0.208662663043
sample3	-0.239813057598	0.00641783520074	-0.161833230883
sample2	-0.258520451998	0.0817305273045	-0.191989960907

Biplot	0	0

Site constraints	0	0
