Eigvals	3
330.636689904	180.684953777	54.848748067

Proportion explained	3
0.299184399131	0.191970753183	0.104434115381

Species	0	0

Site	13	3
sample11	-0.0282536079722	0.031963113184	0.00436140975659
sample10	-0.0348186989919	-0.0969579600906	-0.0154926604285
sample13	0.215438778359	0.00925090822267	0.0794342442615
sample14	-0.0296385483011	-0.0199759986298	-0.0173763413477
sample5	0.0480430616913	0.105420939453	-0.0796848971968
sample4	-0.0260706840343	-0.0136725996987	0.0331383457629
sample7	-0.0250395110677	0.013312570922	0.00165144690943
sample6	-0.0665972245272	-0.0871304978787	0.0212405992694
sample1	-0.0335940059833	-0.0236402263531	0.0202343782523
sample3	0.0370048321509	0.107601966997	-0.0462275328901
sample2	0.0111349815441	0.00936966024046	-0.0794013115097
sample9	-0.054388566387	-0.0596678804743	0.018456963992
sample8	-0.0132208064804	0.024126004106	0.0596653551689

Biplot	0	0

Site constraints	0	0
