Eigvals	3
330.636689904	180.684953777	54.848748067

Proportion explained	3
0.299184399131	0.191970753183	0.104434115381

Species	0	0

Site	13	3
sample11	-0.057858396034	-0.165008675286	0.220757857259
sample10	0.189323910561	-0.183208767682	-0.182313643522
sample13	0.282976178083	-0.00537278790076	0.126245863989
sample14	0.0780735110487	0.0363908898284	0.150226381121
sample5	0.128017290738	0.260895537294	-0.149993405785
sample4	-0.17640787174	0.015391597996	-0.144819410677
sample7	0.176592388795	0.298695934139	0.0291447583482
sample6	-0.200419723875	0.119287390027	0.211239215351
sample1	-0.306788890664	0.123157434288	0.0196172808666
sample3	-0.0605501088235	-0.168887360961	-0.000793963280004
sample2	-0.0932643096178	-0.0192046638238	-0.285466687125
sample9	0.134714563187	-0.171995895563	0.0462963958876
sample8	-0.094408541658	-0.140140632356	-0.0401406424331

Biplot	0	0

Site constraints	0	0
