Eigvals	3
114.541066364	82.9219280785	43.8371328925

Proportion explained	3
0.217484159553	0.164911610646	0.108360270787

Species	0	0

Site	16	3
sample11	-0.0737437007705	-0.122645470033	0.124604875171
sample10	-0.100063037742	0.0883784656829	-0.151198286533
sample13	0.272121438147	0.0700789484979	0.20116781906
sample12	0.0132848567183	-0.0544273303552	-0.123955271151
sample15	-0.186826896919	0.0526381388056	-0.0460741645329
sample14	-0.159206575918	-0.154228953033	0.0266838400446
sample16	-0.184044905001	0.0412408744283	0.0451628667805
sample5	-0.132674732367	0.0567133219117	0.0254589660681
sample4	0.183925148396	0.212806538836	-0.114067764468
sample7	0.269801149764	0.0271209516893	0.180863079732
sample6	-0.13882162182	-0.154795224662	0.0429392882203
sample1	-0.0278149288422	0.113188643089	0.124484392619
sample3	0.0218126616504	0.225392468573	-0.215828956336
sample2	-0.100910296948	0.0856024006552	0.144755594224
sample9	0.125007597452	-0.290134895958	-0.0754255184479
sample8	0.218153844201	-0.196928878127	-0.189570760452

Biplot	0	0

Site constraints	0	0
