Eigvals	3
114.541066364	82.9219280785	43.8371328925

Proportion explained	3
0.217484159553	0.164911610646	0.108360270787

Species	0	0

Site	16	3
sample11	-0.0234653053722	-0.0310161498805	0.00462315228937
sample10	0.0348771211984	-0.025107913786	0.050684254495
sample13	-0.0215741502375	-0.00399486682195	-0.0505700333727
sample12	-0.0439596977143	0.0204879040383	0.0338772836769
sample15	-0.0405798897832	-0.0181109277241	-0.047144465466
sample14	0.0134635748275	-0.0460254839478	-0.0502713326047
sample16	-0.0216113783892	-0.0273874948561	0.0206542822868
sample5	-0.00733829915984	0.0850228312718	0.0360507500548
sample4	-0.00601020430061	0.0465018805203	-0.0151234026569
sample7	0.0137645482489	-0.0084066949812	0.0701200274608
sample6	-0.0202497894613	0.0333752650111	-0.0139872488073
sample1	0.0194858537722	-0.00211450809692	0.00868375991772
sample3	0.0032789391907	0.00492198899557	-0.0453857223487
sample2	0.0527318383324	0.0262870856352	0.0127420455354
sample9	0.0380479971467	-0.0260173311522	0.00826811874131
sample8	0.00913884170149	-0.0284155842254	-0.0232214692018

Biplot	0	0

Site constraints	0	0
