Eigvals	3
119.597688351	66.2809140172	52.3795652787

Proportion explained	3
0.258147588285	0.146209356135	0.122859454827

Species	0	0

Site	14	3
sample11	0.10628436512	-0.201115340647	0.107705020443
sample10	0.0355582096394	0.0607492164829	-0.328621253977
sample13	0.246403633415	-0.0244285277363	-0.00968344888662
sample12	0.212168781945	0.293881792929	0.0055096192871
sample15	-0.223720692929	-0.11619569573	0.0232992225541
sample14	-0.2944890073	0.139685165371	0.0475373184642
sample5	0.119021820318	0.0610138381163	-0.0496686057034
sample4	0.00176869310069	0.0893970800523	0.228026182934
sample7	0.12522179561	-0.151281542551	0.0804965752832
sample6	0.218722375811	0.0500170618971	0.112930675802
sample1	-0.2944890073	0.139685165371	0.0475373184642
sample2	-0.223720692929	-0.11619569573	0.0232992225541
sample9	0.0375135792489	-0.20405666998	-0.0818860467069
sample8	-0.0662438537506	-0.0211558478443	-0.206481800513

Biplot	0	0

Site constraints	0	0
