Eigvals	3
119.597688351	66.2809140172	52.3795652787

Proportion explained	3
0.258147588285	0.146209356135	0.122859454827

Species	0	0

Site	14	3
sample11	0.0394393790967	0.00290367796233	-0.0347147555114
sample10	0.00566981538941	0.00589677719308	-0.0897769634544
sample13	0.0327294298397	0.0392799577263	0.0849391631837
sample12	-0.0458809026154	-0.0583217246817	0.00432275841749
sample15	0.0408604604384	-0.136810529711	0.0461776306254
sample14	-0.044740759405	0.0357313009095	0.0257526431397
sample5	0.0496550552575	0.0175195714798	0.0789934730734
sample4	0.0335374083263	0.0300706295704	0.0305932463013
sample7	0.0506657107842	0.0201273905049	0.0010116900727
sample6	0.0659860868386	-0.0162631765256	0.0141563593188
sample1	0.0123247691009	0.0428740046696	-0.0545179973082
sample2	-0.104155670203	0.0312108845157	-0.0189361857576
sample9	-0.0793519560217	-0.0031882136723	-0.0204882481505
sample8	-0.0567388268263	-0.0110305499407	-0.0675128139504

Biplot	0	0

Site constraints	0	0
