Eigvals	3
140.434932825	76.141673852	56.5182290283

Proportion explained	3
0.222542666311	0.143660323486	0.112051223904

Species	0	0

Site	16	3
sample11	0.0415125020228	-0.0236873665644	0.0296180291449
sample10	-0.0350804294679	-0.0259380751771	-0.119616145481
sample13	0.0202121591245	-0.0410251937401	-0.0570137346674
sample12	0.0341595089156	-0.0724339904331	-0.0326013882157
sample15	0.118774647075	-0.0206968838158	-0.0296970988916
sample14	0.167049911729	0.0466589391087	0.111085191532
sample17	0.0940197158418	0.0808273974872	0.0327240235244
sample16	0.0312594731124	-0.0199058519094	-0.079976010693
sample5	-0.0788487180733	0.0526041865854	-0.0359983061188
sample7	0.0101005756399	0.157639857364	0.18418304141
sample6	-0.0292319793792	-0.00692186485866	0.0476056666563
sample1	-0.0834223175022	0.1000240015	-0.0630363548246
sample3	-0.0720472717932	-0.116903253669	0.0624520177473
sample2	-0.0778139445051	0.0252909182569	-0.0582392508267
sample9	-0.0630395333889	-0.0795940876493	-0.0331895191997
sample8	-0.077604299351	-0.055938732485	0.0416998389037

Biplot	0	0

Site constraints	0	0
