Eigvals	3
140.434932825	76.141673852	56.5182290283

Proportion explained	3
0.222542666311	0.143660323486	0.112051223904

Species	0	0

Site	16	3
sample11	0.0958797773707	-0.111908205691	0.213528860502
sample10	0.0178786634131	-0.0621325767638	-0.0335468895361
sample13	0.204174871609	0.213778327323	-0.184126102166
sample12	0.0550879004474	0.101004673038	-0.0814892935089
sample15	-0.114675122558	0.0121148900942	-0.0260082907161
sample14	0.33278885766	-0.0689347332877	0.0884414038766
sample17	0.0359938395063	-0.0201174913677	0.0470732537822
sample16	0.199162418351	-0.0616638633493	-0.257413532143
sample5	-0.213544410343	-0.00901003476356	-0.15160690859
sample7	0.0186923084495	0.203795427233	0.145609004655
sample6	-0.0195257310603	0.237649784938	0.179092504676
sample1	-0.20172031647	0.170277203177	0.0378288404355
sample3	-0.167555296693	-0.0409125246842	0.030679884658
sample2	0.084866926179	-0.245976234754	0.0444332289278
sample9	-0.127859086515	-0.226245787562	0.087591198736
sample8	-0.199645599346	-0.0917188535817	-0.140087163589

Biplot	0	0

Site constraints	0	0
