Eigvals	3
102.094779857	97.7128464206	50.654019181

Proportion explained	3
0.39850221279	0.277977398387	0.107608715226

Species	0	0

Site	11	3
MCT.f.0265	-0.104570692259	-0.0424555230345	-0.0805853882385
MCT.f.0269	0.0942359361274	0.0391244764906	0.0444908113146
MCT.f.0266	-0.0189907319286	-0.203472580402	0.0538688796801
MCT.f.0267	0.0385488147146	0.12063805663	0.0537509377817
MCT.f.0260	-0.0766237472677	-0.0705286526843	-0.0359269104457
MCT.f.0261	-0.0383424005772	0.126874575493	0.0611904638262
MCT.f.0263	-0.124993339381	-0.0458818286305	-0.0505259074994
MCT.f.0264	-0.104807925448	0.0455712230227	0.00611944749248
MCT.f.0272	0.180443471655	-0.0566619890646	0.148580335108
MCT.f.0271	0.00384153088111	0.158781463929	-0.033875018413
MCT.f.0270	0.151259083483	-0.0719892217495	-0.167087650607

Biplot	0	0

Site constraints	0	0
