Eigvals	3
102.094779857	97.7128464206	50.654019181

Proportion explained	3
0.39850221279	0.277977398387	0.107608715226

Species	0	0

Site	11	3
MCT.f.0265	-0.103844679922	-0.211594117591	0.0466872471386
MCT.f.0269	0.225771302093	-0.0765812866848	-0.0260190009516
MCT.f.0266	-0.0211657343425	-0.265680076567	0.0099253486007
MCT.f.0267	0.00885700194731	-0.247840598991	0.0502002313734
MCT.f.0260	-0.294984900646	0.213616898104	0.156243494325
MCT.f.0261	-0.287813868711	0.187983000571	-0.0611507398531
MCT.f.0263	-0.204791509556	0.0827248209341	-0.0972195817733
MCT.f.0264	-0.208837919287	-0.0596889132418	-0.0739334639939
MCT.f.0272	0.307143919897	0.113708957311	0.146906820589
MCT.f.0271	0.308362932066	0.191840640912	-0.00953546989948
MCT.f.0270	0.27130345646	0.0715106752432	-0.142104885556

Biplot	0	0

Site constraints	0	0
