Eigvals	3
54.9273236822	37.7835388923	33.9579833068

Proportion explained	3
0.396498764512	0.240609569169	0.144823048471

Species	0	0

Site	9	3
MCT.f.0329	-0.332987735277	0.122075961878	0.15085964783
MCT.f.0338	0.26653144277	0.176718396397	0.0230817558187
MCT.f.0330	-0.347671663712	0.115425014428	0.0482253828221
MCT.f.0331	-0.315741460498	-0.0257789756349	-0.161039158182
MCT.f.0336	0.178622502999	-0.140749122192	0.0934821960991
MCT.f.0337	0.239301398475	0.0249952079149	0.140548592295
MCT.f.0334	-0.0182211851697	-0.278333497847	-0.121438306531
MCT.f.0335	0.0957998269119	-0.27642818457	0.0131903688809
MCT.f.0340	0.2343668735	0.282075199626	-0.186910479033

Biplot	0	0

Site constraints	0	0
