Eigvals	3
54.9273236822	37.7835388923	33.9579833068

Proportion explained	3
0.396498764512	0.240609569169	0.144823048471

Species	0	0

Site	9	3
MCT.f.0329	-0.0539458760537	0.0556054559639	0.152655867575
MCT.f.0338	0.0647201263944	0.169997279151	-0.148026737463
MCT.f.0330	-0.274403022436	0.0788864092106	-0.0173710532515
MCT.f.0331	-0.251818029077	0.0204451774597	-0.0854354846983
MCT.f.0336	0.117937081504	-0.105778399523	0.289375004169
MCT.f.0337	0.134524692575	0.0317073801293	0.277781481688
MCT.f.0334	0.0103552047395	-0.24314658171	-0.147403095681
MCT.f.0335	0.0395571469557	-0.20561959485	-0.15758336275
MCT.f.0340	0.213072675398	0.197902874169	-0.163992619589

Biplot	0	0

Site constraints	0	0
