Eigvals	3
195.425231741	70.0997057921	37.0760104101

Proportion explained	3
0.298490846373	0.145914578902	0.103856393291

Species	0	0

Site	13	3
sample11	-0.0247417092809	-0.0583858466059	0.0697226998228
sample10	-0.012867381777	0.100348927753	-0.0700766994738
sample13	0.156196834714	0.0186707519826	-0.0947347773047
sample12	0.121450310514	-0.029518277455	0.0437757958617
sample15	-0.0801125533958	-0.173460326147	-0.0364430804745
sample14	0.0204444370781	-0.0736900159592	0.099138296959
sample5	-0.153141043126	0.0547270345268	0.00568851444764
sample4	-0.132524259521	0.0597861547054	0.0278487834146
sample7	0.128943905382	0.029791742318	0.0863753985762
sample1	-0.0826397802986	0.0707330073746	-0.0557480762197
sample3	-0.235668785452	-0.0858647873916	-0.0169494732428
sample2	0.121057362071	0.0747945947997	-0.000387717360464
sample8	0.173602663093	0.0120670400985	-0.058209665006

Biplot	0	0

Site constraints	0	0
