Eigvals	3
195.425231741	70.0997057921	37.0760104101

Proportion explained	3
0.298490846373	0.145914578902	0.103856393291

Species	0	0

Site	13	3
sample11	0.0765043704865	-0.21809417504	-0.0210512442141
sample10	0.0971936976916	0.337242024431	-0.250471563631
sample13	0.301033177562	0.124098539161	0.0128084614191
sample12	0.259700619535	0.079185236069	0.20825191181
sample15	-0.0861989860148	-0.0518280443324	0.0328225453415
sample14	0.131259433943	-0.116693249363	0.183802973616
sample5	-0.290251762591	0.155626975572	0.23049690587
sample4	-0.229497840008	0.157533094625	0.130125012032
sample7	-0.145207524936	-0.102968002796	-0.112552706256
sample1	-0.107051676913	0.0374097823069	-0.203460439749
sample3	-0.118498635452	-0.180227337126	-0.0644600102876
sample2	0.0143206830921	-0.0880446881183	-0.144094716003
sample8	0.0966944436031	-0.133240155388	-0.00221712994782

Biplot	0	0

Site constraints	0	0
