Eigvals	3
306.536150987	90.0007431013	73.0056936421

Proportion explained	3
0.318742139313	0.132837026174	0.110699249777

Species	0	0

Site	15	3
sample11	0.215916920925	-0.0535195337195	0.0553952466252
sample10	0.185941169853	-0.0698797249241	-0.00490603810005
sample13	-0.289064723442	0.221080792893	-0.0220551347318
sample12	0.0836967449303	-0.0151089743011	0.113798936141
sample15	0.141861544625	-0.119386608368	0.00238531034596
sample16	0.126947655904	-0.104528646837	-0.00249208004923
sample5	-0.187298902339	-0.107321531673	0.174196218986
sample4	-0.132157639003	-0.0968865127726	-0.027466303542
sample7	0.00982019997264	-0.136409463857	0.138386119897
sample6	-0.317031085386	-0.239801374769	-0.228714803237
sample1	0.066533789983	0.214054512395	-0.120056264425
sample3	0.0804106809568	0.210815720869	-0.041644371528
sample2	0.15326737268	0.0631527482762	-0.0234270272852
sample9	-0.184619623535	0.170300214782	0.24437056973
sample8	0.0457758938759	0.0634383820061	-0.257770378827

Biplot	0	0

Site constraints	0	0
