Eigvals	3
306.536150987	90.0007431013	73.0056936421

Proportion explained	3
0.318742139313	0.132837026174	0.110699249777

Species	0	0

Site	15	3
sample11	-0.0170268078056	0.0132962889969	0.0434856243375
sample10	-0.018361957567	0.0381891389718	0.0367671245642
sample13	-0.0223255527484	-0.0454482565186	0.0115367095241
sample12	-0.0335316164489	-0.00555248453004	0.0093289923438
sample15	0.0201006454352	-0.0465504876376	-0.006013497876
sample16	0.041680153025	-0.0133409552771	0.0668902259543
sample5	-0.0289437225659	-0.0162102762182	-0.0170020254689
sample4	-0.00947104444295	0.039566933584	-0.0192530964731
sample7	-0.0183037581766	-0.00362297566373	-0.0129844068346
sample6	-0.0313195264696	-0.016519346957	-0.0279885553367
sample1	-0.0209901186382	0.0925077538394	0.00662318905363
sample3	-0.0188902987318	0.0104143810857	-0.0348131324612
sample2	0.171530115385	-0.0675130274186	-0.112193207219
sample9	0.00915422733834	0.0324404959305	0.0678356046226
sample8	-0.0233007375888	-0.0116571821875	-0.0122195487305

Biplot	0	0

Site constraints	0	0
