Eigvals	3
90.5736851428	60.121007726	52.7299638982

Proportion explained	3
0.385689940888	0.234586620974	0.148779279052

Species	0	0

Site	12	3
MCT.f.0005	-0.200325392211	-0.016834543364	-0.040273792796
MCT.f.0008	-0.0843868650762	0.0492124210172	0.0277498322009
MCT.f.0009	-0.0325029269169	0.0379562412716	0.0751066654872
MCT.f.0010	0.126405293933	-0.203554696896	-0.0929122995873
MCT.f.0006	-0.0961881263677	0.0640001806434	0.0650914954279
MCT.f.0017	0.0754157601886	0.116468083875	-0.27911042805
MCT.f.0016	0.125259793758	0.142614198258	0.0613918559321
MCT.f.0014	0.122925756745	0.0482304138431	0.111103974103
MCT.f.0013	0.0211048957833	-0.0608578542939	0.0826997722594
MCT.f.0012	0.00127790575099	-0.0679730572743	-0.0949974891728
MCT.f.0011	-0.00409756599757	-0.18323169818	-0.0419553274693
MCT.f.0007	-0.0548885295898	0.073970311101	0.126105741665

Biplot	0	0

Site constraints	0	0
