Eigvals	3
90.5736851428	60.121007726	52.7299638982

Proportion explained	3
0.385689940888	0.234586620974	0.148779279052

Species	0	0

Site	12	3
MCT.f.0005	-0.220991982788	0.134085968924	0.216158333091
MCT.f.0008	-0.242209795875	-0.00834973807353	-0.0757463885151
MCT.f.0009	-0.174742085974	-0.105387790591	-0.106409336916
MCT.f.0010	-0.0490022799936	-0.190703964295	-0.142610999117
MCT.f.0006	-0.260622724497	0.127081033775	0.0828457022005
MCT.f.0017	0.209269894098	0.260625598809	-0.139824931431
MCT.f.0016	0.232599699101	0.215705723585	-0.0687016871139
MCT.f.0014	0.270899319422	0.0592796054965	0.0493110457069
MCT.f.0013	0.246888807236	-0.0968851912552	0.127368572828
MCT.f.0012	0.16968133845	-0.201944303963	0.12132161219
MCT.f.0011	0.0706952124077	-0.242825420115	-0.0334272567426
MCT.f.0007	-0.252465401588	0.0493184777024	-0.0302846661809

Biplot	0	0

Site constraints	0	0
