Eigvals	3
118.217550586	60.6023667122	54.1021674828

Proportion explained	3
0.238116465122	0.146043723915	0.129293865906

Species	0	0

Site	13	3
sample11	-0.0389129887558	0.0925899078241	-0.0103065904755
sample10	-0.191208551178	0.0656317509231	-0.0212575829443
sample13	-0.0487042062276	-0.0079234637336	-0.0131415980599
sample12	-0.0828219651539	0.0258967348198	-0.00633622753954
sample5	0.0348907262971	-0.110512119185	0.117336881351
sample4	-0.0293344828101	-0.105469875996	0.0687746305723
sample7	0.20928872301	0.155716473209	0.0930238602233
sample6	0.0935945051099	-0.0382741834122	0.0347929757997
sample1	0.0296716163897	-0.0537295564565	-0.0999051053328
sample3	0.147988599338	-0.0424358376312	-0.0622638812195
sample2	0.0638814976824	0.0013310411438	-0.162555294993
sample9	-0.110156579041	0.00998381386088	-0.0136421181267
sample8	-0.0781768946602	0.00719531463314	0.0754800507457

Biplot	0	0

Site constraints	0	0
