Eigvals	3
118.217550586	60.6023667122	54.1021674828

Proportion explained	3
0.238116465122	0.146043723915	0.129293865906

Species	0	0

Site	13	3
sample11	-0.250451179285	0.014511437452	0.224768453169
sample10	-0.140425689642	-0.0410837218519	-0.161527670519
sample13	0.184412062935	-0.135512404693	0.0671729802221
sample12	-0.283885638018	0.0618722914564	0.0872131940992
sample5	-0.114436986644	-0.187944663163	0.133320543586
sample4	0.0589397259158	-0.178255496334	0.0135048844416
sample7	0.173156155018	0.168873208978	0.0867172789807
sample6	0.254109621625	0.105648076482	0.0200745767886
sample1	-0.00981870616396	-0.154192208683	-0.126422678076
sample3	0.124862326791	-0.211413305786	-0.0347472192961
sample2	-0.00560655985952	0.086802563153	-0.352974437648
sample9	0.204047172859	0.226696616476	0.1248420604
sample8	-0.194902305532	0.243997606513	-0.0819419661484

Biplot	0	0

Site constraints	0	0
