Eigvals	3
111.147184191	92.5587856327	72.8660147315

Proportion explained	3
0.216382067128	0.170775329373	0.137111198308

Species	0	0

Site	13	3
sample11	-0.169767633344	-0.139912211105	-0.0768802388265
sample10	-0.168250953317	-0.159428119263	0.0155235541239
sample13	0.296429847968	-0.120853089127	-0.209114937626
sample12	-0.070174977449	-0.196216057244	-0.204956545892
sample15	0.160691306237	-0.14939732913	0.114148409855
sample14	0.227222579371	-0.0344680672629	0.185117386855
sample16	0.220348147991	0.0934860177039	0.112818355165
sample4	-0.0557780358679	0.0538293022314	0.165764803801
sample7	0.206031199338	0.244895823864	-0.151820917518
sample1	-0.145675436383	0.295297925474	-0.130976101053
sample3	-0.145735222257	-0.0385081011906	0.177641381037
sample2	-0.179904181546	0.177104741498	0.0638782730981
sample8	-0.175436640741	-0.0258308364484	-0.0611434230206

Biplot	0	0

Site constraints	0	0
