Eigvals	3
111.147184191	92.5587856327	72.8660147315

Proportion explained	3
0.216382067128	0.170775329373	0.137111198308

Species	0	0

Site	13	3
sample11	-0.0596040558239	-0.0220928910449	-0.084604695464
sample10	0.0462813196161	-0.169745146161	-0.0250752073693
sample13	0.161937300007	-0.00916506489474	-0.109059886264
sample12	-0.0809376318784	-0.0568260528407	-0.134869206633
sample15	0.0708139101526	-0.114632761997	0.0899733515618
sample14	0.174250206136	0.0884671926825	-0.0285667179103
sample16	0.0179667169931	-0.173858623537	0.137815213147
sample4	-0.0932399769795	0.105307160988	0.200852541736
sample7	0.0355865577312	0.0105155616244	-0.027583868628
sample1	-0.174703818622	0.0217343120094	-0.0795946383572
sample3	-0.0662533944119	0.099801269544	0.116051449197
sample2	-0.00738880626515	0.111808924298	-0.0289527557223
sample8	-0.0247083266558	0.10868611933	-0.0263855792941

Biplot	0	0

Site constraints	0	0
