Eigvals	3
88.2328835046	81.6203773697	59.4821854602

Proportion explained	3
0.245454639806	0.203911020806	0.16143229338

Species	0	0

Site	10	3
sample11	0.163237462669	-0.0155259316301	0.013347087092
sample10	0.220789130397	-0.0989036446653	0.0239865951423
sample13	-0.372326600623	-0.338185046025	0.0659160521276
sample12	0.0457910885446	-0.165679665546	-0.147909008984
sample5	-0.00798570253453	0.109815780928	0.30287246585
sample4	-0.0215031837208	0.137937326113	0.268891098189
sample7	-0.340035070528	0.128940138692	-0.158914383616
sample1	-0.0844724064397	0.314431160846	-0.161127676009
sample9	0.245710195352	-0.0919450571718	-0.0461695212106
sample8	0.150795086883	0.0191149384601	-0.160892708582

Biplot	0	0

Site constraints	0	0
