Eigvals	3
88.2328835046	81.6203773697	59.4821854602

Proportion explained	3
0.245454639806	0.203911020806	0.16143229338

Species	0	0

Site	10	3
sample11	0.0753350452378	-0.0224940859363	0.196439757912
sample10	0.128974461251	-0.115443777621	0.100599823122
sample13	-0.212459960667	-0.10350229306	-0.0490449486405
sample12	-0.140719743139	-0.0928336386297	0.0194881652127
sample5	0.072224464321	0.137525592285	0.0354671686168
sample4	0.0368278738446	0.00488594823033	0.0593450860231
sample7	-0.0243465894269	-0.125897131744	-0.107838492311
sample1	-0.156447711853	0.269412314852	0.0131033834752
sample9	0.137201105475	-0.003844139457	-0.15886347371
sample8	0.0834110549572	0.0521912110802	-0.1086964697

Biplot	0	0

Site constraints	0	0
