Eigvals	3
323.483543895	180.13021	54.4990611602

Proportion explained	3
0.313664176766	0.200488557553	0.0999591539367

Species	0	0

Site	12	3
sample10	0.189377619048	-0.237687181488	0.0316180163024
sample13	0.293846025101	0.0303932789686	-0.187439767342
sample12	0.184323954067	0.0969457718579	-0.103429540168
sample5	0.101742944229	0.18695443613	0.241150741546
sample4	-0.176369978344	-0.0219601232744	0.0297370288796
sample7	0.147451525957	0.267646878744	0.139896489751
sample6	-0.199088503275	0.176096314847	-0.232764691172
sample1	-0.303313789308	0.142162955177	-0.0720260844
sample3	-0.0922634641286	-0.180956014162	-0.00167393378332
sample2	-0.117135026334	-0.102045856126	0.261765869171
sample9	0.110739978118	-0.177675295873	-0.097285490321
sample8	-0.13931128513	-0.179875164802	-0.0095486384627

Biplot	0	0

Site constraints	0	0
