Eigvals	3
323.483543895	180.13021	54.4990611602

Proportion explained	3
0.313664176766	0.200488557553	0.0999591539367

Species	0	0

Site	12	3
sample10	-0.00951145479882	-0.0119369166422	0.035967472209
sample13	-0.00258040246419	-0.037707945398	-0.0107405724096
sample12	0.0536759526185	0.191033238209	-0.0569801822079
sample5	0.0627290712892	-0.0816583067176	-0.0187040125876
sample4	-0.110670225708	0.0539183796516	0.0178833702334
sample7	0.0362037294409	0.0110756504952	0.0464653239773
sample6	-0.000914155756264	-0.0172734762904	0.0234009890617
sample1	-0.0651248045561	-0.0105125571854	-0.0344935614165
sample3	0.0338779266201	-0.0193064728347	0.0155857080434
sample2	-0.0850135190918	0.054429849768	0.0394785885409
sample9	0.0400043241886	-0.0694988324289	-0.0518590374482
sample8	0.0473235582183	-0.0625626106269	-0.00600408599606

Biplot	0	0

Site constraints	0	0
