Eigvals	3
337.937828257	180.720842927	58.4308723618

Proportion explained	3
0.294077741709	0.184763913043	0.101408493048

Species	0	0

Site	14	3
sample11	-0.260750258062	-0.0627142916799	-0.117369986327
sample10	0.135612036623	-0.27351098732	0.142727821063
sample12	0.244891335799	-0.0163251922179	0.0369847597791
sample15	-0.217974399135	-0.0594178965662	-0.0947716366687
sample14	-0.0235832753206	-0.032617524771	-0.20684696168
sample5	0.271912207156	0.0620224767475	-0.0637070266431
sample4	0.0327736918861	0.108568619729	0.191649653084
sample7	0.244553208809	0.0581765867614	-0.263833512256
sample6	-0.0937172051698	0.253962805856	-0.0850660173906
sample1	-0.0815563633427	0.319395450545	0.123406438273
sample3	-0.148171744437	-0.107678567036	0.0300066883775
sample2	0.0394896689223	0.00523324982687	0.238465297293
sample9	-0.0212939021521	-0.209288477103	-0.0348543781506
sample8	-0.122185001578	-0.045806252773	0.103208861247

Biplot	0	0

Site constraints	0	0
