Eigvals	3
337.937828257	180.720842927	58.4308723618

Proportion explained	3
0.294077741709	0.184763913043	0.101408493048

Species	0	0

Site	14	3
sample11	-0.00405937081237	-0.086500872406	0.0133083756258
sample10	0.0272401970519	-0.0738333767182	0.0193096488994
sample12	0.0292894932305	0.018620867815	0.027063048051
sample15	-0.0276100558643	-0.026398870474	0.0263970621109
sample14	-0.0165856971275	0.0827136407141	-0.216509888016
sample5	0.033188276581	-0.0276043682358	-0.00102853624089
sample4	0.00735781882125	0.127239150099	0.0199775562176
sample7	0.0231337877027	-0.10352647692	0.0210010079392
sample6	-0.0300088604691	0.136553572277	0.0281969782002
sample1	-0.0360314379987	-0.0445045171952	0.0154374827299
sample3	-0.0755304715043	0.0323280686895	0.0337803179484
sample2	-0.0068862659106	-0.0426981492983	0.00844427407592
sample9	0.0507541010788	0.00196150919851	-0.0171208774639
sample8	0.0257484852207	0.00564982245425	0.0217435499229

Biplot	0	0

Site constraints	0	0
