Eigvals	3
235.149364047	171.334739564	69.4117945869

Proportion explained	3
0.321611516073	0.221177116008	0.125684720964

Species	0	0

Site	12	3
sample11	0.0430058790827	-0.0199125098624	-0.0432306903256
sample10	0.0807301421644	-0.116016324475	-0.0797723571173
sample12	0.0647520771208	0.0804262043801	-0.0283037975421
sample15	0.0585965528632	0.0904467829038	-0.0902017275597
sample14	0.00168319067233	0.0961311838357	-0.0959812350716
sample5	-0.127427498062	-0.0242431580166	0.105992001857
sample4	-0.0626239244256	0.0482945413207	0.245476101525
sample7	-0.0858789452033	-0.0193223552596	-0.0861889626264
sample6	-0.0152918798921	0.0993671561303	0.00111169930693
sample1	-0.0609239343503	-0.215702952675	-0.0405271559698
sample3	-0.0158630487035	0.0996197720508	0.106761166993
sample9	0.119241388734	-0.119088340333	0.00486495653053

Biplot	0	0

Site constraints	0	0
