Eigvals	3
235.149364047	171.334739564	69.4117945869

Proportion explained	3
0.321611516073	0.221177116008	0.125684720964

Species	0	0

Site	12	3
sample11	0.178054014145	-0.139644648212	0.0246581565593
sample10	0.233928580542	-0.0963655592637	-0.0504413045034
sample12	0.173782757785	-0.13098473671	0.0366638463585
sample15	-0.0177441783961	0.266544101833	-0.0928055748962
sample14	-0.126773186033	0.26923972899	-0.193893199586
sample5	-0.0269748460672	0.139943100632	0.280922573175
sample4	-0.0226019268575	0.0971965658179	0.291882169427
sample7	0.148356118341	-0.00113619658084	-0.0881529751759
sample6	-0.0609447203515	0.0422831309999	-0.0746661016994
sample1	-0.358099941665	-0.171377232837	-0.00910005828344
sample3	-0.352417941211	-0.205848338174	-0.0397346380304
sample9	0.231435269769	-0.0698499164956	-0.0853328933447

Biplot	0	0

Site constraints	0	0
