Eigvals	3
152.358584467	87.6276733192	62.3454132131

Proportion explained	3
0.412032078628	0.240815351305	0.144556489392

Species	0	0

Site	10	3
MCT.f.0219	0.249497993428	-0.0717270517953	-0.0177954427716
MCT.f.0218	0.18599898055	-0.0846718507607	0.0713273220928
MCT.f.0209	-0.120311017411	0.158832411622	0.127918678826
MCT.f.0211	-0.146224223503	0.348179653325	-0.134284996655
MCT.f.0215	-0.156596696113	-0.0226672172186	0.095251809486
MCT.f.0213	-0.059806211241	0.0120652676379	0.09244820009
MCT.f.0220	0.0901135471233	-0.118283707745	0.0400135359244
MCT.f.0214	-0.208007241356	-0.152637916961	-0.297095813735
MCT.f.0216	0.00992347398555	-0.0877942052955	0.125623802616
MCT.f.0221	0.155411394538	0.018704617191	-0.103407095875

Biplot	0	0

Site constraints	0	0
