Eigvals	3
152.358584467	87.6276733192	62.3454132131

Proportion explained	3
0.412032078628	0.240815351305	0.144556489392

Species	0	0

Site	10	3
MCT.f.0219	0.312464782355	-0.0478583296094	0.0301798551076
MCT.f.0218	0.254420805673	-0.0747803399847	0.134554510691
MCT.f.0209	-0.0603305543612	0.372432778569	0.132167955982
MCT.f.0211	-0.117456137192	0.295077267017	-0.0384950684692
MCT.f.0215	-0.274777049804	-0.179560078404	0.0418679714759
MCT.f.0213	-0.230863282918	-0.0215042761964	-0.172983578394
MCT.f.0220	0.305584527037	-0.0313765370714	-0.0762704728734
MCT.f.0214	-0.240021355807	-0.0996895100979	-0.0990959022621
MCT.f.0216	-0.156184617538	-0.183120838165	0.217642559203
MCT.f.0221	0.207162882556	-0.0296201360567	-0.169567830461

Biplot	0	0

Site constraints	0	0
