Eigvals	3
100.55590798	68.6126528871	56.1504065699

Proportion explained	3
0.391075633608	0.226946485516	0.121577412349

Species	0	0

Site	13	3
MCT.f.0351	0.105361071278	-0.0585242834396	0.0579597126021
MCT.f.0347	-0.130882101056	0.123998324549	-0.184586217573
MCT.f.0352	0.0902877829824	-0.0890905583804	0.040556877169
MCT.f.0349	0.00760908484303	-0.00843273505883	-0.0331415921785
MCT.f.0348	-0.197039430959	-0.153771923525	-0.0245342966202
MCT.f.0350	-0.120190052182	-0.218506765323	-0.146149165594
MCT.f.0346	-0.119460452599	0.139829029184	0.21549749652
MCT.f.0345	-0.00723509722646	0.0382297314071	0.0954704907996
MCT.f.0353	0.14850188406	0.0682519907536	0.0251822939195
MCT.f.0354	0.0799241962727	-0.0451102421095	0.0336726968167
MCT.f.0355	-0.0266491154054	-0.0656878527271	0.0831208537339
MCT.f.0356	0.101191843664	0.11669120281	-0.1541423702
MCT.f.0357	0.0685803863279	0.152124081858	-0.00890677939549

Biplot	0	0

Site constraints	0	0
