Eigvals	3
100.55590798	68.6126528871	56.1504065699

Proportion explained	3
0.391075633608	0.226946485516	0.121577412349

Species	0	0

Site	13	3
MCT.f.0351	0.131204614241	-0.238243695861	0.0405877043364
MCT.f.0347	-0.260709894062	0.0380112604259	0.0313574722572
MCT.f.0352	0.165052550141	-0.197736580037	0.0747534248815
MCT.f.0349	-0.199050830208	-0.105115938917	-0.0805732008903
MCT.f.0348	-0.246070186919	-0.0289117318395	-0.0444195357243
MCT.f.0350	-0.109582843232	-0.219940070843	-0.168201353224
MCT.f.0346	-0.26822868523	0.118979643399	0.0727202276352
MCT.f.0345	-0.242648983847	0.138258302562	0.149521908009
MCT.f.0353	0.216566502468	-0.0882897958576	0.0563980392368
MCT.f.0354	0.239284839517	0.0341205849799	0.0811128601715
MCT.f.0355	0.255073555857	0.110127187736	0.0359546531359
MCT.f.0356	0.15714112419	0.221338740556	-0.0970689870412
MCT.f.0357	0.161968237086	0.217402093696	-0.152143212783

Biplot	0	0

Site constraints	0	0
