Eigvals	3
104.158714022	68.7993088263	56.6111762047

Proportion explained	3
0.197925617698	0.143607000254	0.122169708919

Species	0	0

Site	15	3
sample11	-0.0615155172489	-0.017741408415	-0.02768800193
sample10	0.0509800909823	-0.108173500533	0.121803730996
sample13	-0.0278191368946	-0.019571198145	-0.095322203778
sample12	-0.057451828637	-0.0481663665723	-0.0121531362165
sample15	-0.049215163299	0.0187308733661	0.0447835420942
sample14	-0.0432037262355	-0.048030191851	-0.0227782103383
sample17	0.0263169368777	0.0518203535778	-0.0781783594146
sample16	0.0877669562726	-0.00434419703943	-0.0915582445056
sample5	-0.0421844872029	0.0329373696635	-0.00811497232254
sample4	-0.0133248028353	0.0390069851726	-0.0365421117204
sample7	0.145579295571	0.0329686941292	0.0159930406568
sample6	-0.0596916910275	0.149196527253	0.0271867951516
sample1	0.00742841866299	-0.0523727541316	0.0098103470399
sample9	0.0173951366867	-0.00131806137867	0.0040817442452
sample8	0.018939518327	-0.0249431250951	0.148676040042

Biplot	0	0

Site constraints	0	0
