Eigvals	3
121.777298636	66.5778340613	56.8512904776

Proportion explained	3
0.254073412479	0.170348579186	0.135311862404

Species	0	0

Site	15	3
MCT.f.0418	-0.148412251548	-0.0148363525237	-0.0509528307167
MCT.f.0086	0.0804494945423	0.0488350686993	-0.050074113952
MCT.f.0412	-0.174579438101	0.0349647187413	0.0872114212473
MCT.f.0411	-0.036429339308	0.0904741349271	-0.0570832800111
MCT.f.0410	-0.0461698392678	0.00863380662619	-0.0972678115767
MCT.f.0416	0.117175152547	-0.0181612098808	-0.0359882321532
MCT.f.0415	0.157231202744	0.0244494557029	0.0579828504613
MCT.f.0414	0.0826930452296	0.0524460712717	0.0306399109655
MCT.f.0422	-0.0589000939327	-0.116511712724	0.0421682470949
MCT.f.0423	0.134681060412	0.0543198284774	0.113438928038
MCT.f.0419	-0.133183754582	-0.0163143266635	0.0306253734643
MCT.f.0421	0.0265590412293	0.0205711421279	-0.0625851938569
MCT.f.0420	-0.0762729633376	0.0352620408119	-0.12861735059
MCT.f.0424	-0.0422065340864	0.0416018786043	0.128185616365
MCT.f.0425	0.117365217458	-0.245734544198	-0.00768353477915

Biplot	0	0

Site constraints	0	0
