Eigvals	3
121.777298636	66.5778340613	56.8512904776

Proportion explained	3
0.254073412479	0.170348579186	0.135311862404

Species	0	0

Site	15	3
MCT.f.0418	-0.129198066652	0.0720048683273	-0.212213356344
MCT.f.0086	0.173034733276	0.0448307103289	-0.162464526316
MCT.f.0412	-0.184250390687	0.0923867180011	0.0415088781816
MCT.f.0411	-0.241816897825	0.144183213301	0.103635439482
MCT.f.0410	-0.139210632248	0.219197230028	0.163539436604
MCT.f.0416	0.271901813399	0.057466880289	-0.0728103341842
MCT.f.0415	0.231586671545	0.151517301189	0.0557803318522
MCT.f.0414	0.14455897663	0.225243794311	0.0166597968027
MCT.f.0422	0.0750592934618	-0.194363382387	0.0200893278546
MCT.f.0423	0.216093334502	-0.105781904846	0.0955461886479
MCT.f.0419	-0.189381167577	-0.00194821623042	-0.152627483394
MCT.f.0421	-0.0652824748741	-0.186624159987	-0.128553316483
MCT.f.0420	-0.0989244404877	-0.13941042722	-0.130691482156
MCT.f.0424	-0.0165186279991	-0.201361924271	0.177909984452
MCT.f.0425	-0.0476521244635	-0.177340700836	0.184691115001

Biplot	0	0

Site constraints	0	0
