Eigvals	3
186.825285519	76.5580056129	46.5064521308

Proportion explained	3
0.353837244976	0.193800509429	0.153125094761

Species	0	0

Site	11	3
MCT.f.0255	0.0642584318538	0.188904284857	-0.280454499364
MCT.f.0247	0.16398609589	-0.0430945362257	0.0289151034659
MCT.f.0244	-0.143695558892	-0.2648988313	-0.018935958637
MCT.f.0245	0.0574857831065	-0.299204177007	-0.0307382601909
MCT.f.0242	-0.318959988458	0.118684244225	0.0716400473341
MCT.f.0243	-0.263521324322	-0.090051875195	0.0226712252977
MCT.f.0241	-0.249961993448	0.195860583594	0.0431962069599
MCT.f.0252	0.157335514627	-0.106889763222	-0.0394484677255
MCT.f.0249	0.203187320817	0.153511178267	0.239779271046
MCT.f.0254	0.135294762937	0.0989540811194	-0.279298330265
MCT.f.0250	0.194590955888	0.0482248108863	0.242673662079

Biplot	0	0

Site constraints	0	0
