Eigvals	3
186.825285519	76.5580056129	46.5064521308

Proportion explained	3
0.353837244976	0.193800509429	0.153125094761

Species	0	0

Site	11	3
MCT.f.0255	0.107280614478	0.059658330849	-0.155746914257
MCT.f.0247	0.126600749343	-0.077764619658	0.0871646722987
MCT.f.0244	-0.181212332429	0.0487130289742	-0.0175338105168
MCT.f.0245	-0.0674651721711	-0.0447847865394	-0.0546261911172
MCT.f.0242	-0.0900824477276	-0.0516078685719	-0.126835553861
MCT.f.0243	-0.0687690878604	-0.110734349851	0.068859960875
MCT.f.0241	-0.290863326144	0.0232257477269	0.130950078841
MCT.f.0252	0.112652444427	0.0627380772636	-0.00890280150767
MCT.f.0249	0.191651528808	-0.0465054964032	0.0950161159413
MCT.f.0254	0.0506947363646	-0.0130324275213	-0.0818143564088
MCT.f.0250	0.109512292913	0.150094363731	0.0634687997125

Biplot	0	0

Site constraints	0	0
