Eigvals	3
88.2223986211	81.578317304	59.3732276748

Proportion explained	3
0.366610558504	0.265039909502	0.158836257223

Species	0	0

Site	10	3
MCT.f.0459	0.230753703754	-0.329057378997	0.102347076389
MCT.f.0458	0.258826359805	-0.150034096959	0.0312784445652
MCT.f.0457	0.253867144232	0.0368374391485	-0.0471465086362
MCT.f.0456	0.189576497613	0.133117261693	-0.0732588959594
MCT.f.0455	0.142715018713	0.206668996899	-0.0490235558255
MCT.f.0454	-0.043193073239	0.252944052725	0.0126572276643
MCT.f.0453	-0.166018500106	0.158972408097	0.13455466717
MCT.f.0451	-0.294897461362	-0.0441337322119	0.125705203256
MCT.f.0450	-0.303066897567	-0.108121654346	0.0748790025127
MCT.f.0447	-0.268562791844	-0.157193296048	-0.311992661136

Biplot	0	0

Site constraints	0	0
