Eigvals	3
88.2223986211	81.578317304	59.3732276748

Proportion explained	3
0.366610558504	0.265039909502	0.158836257223

Species	0	0

Site	10	3
MCT.f.0459	0.0629623778404	-0.197739935323	0.139124224261
MCT.f.0458	0.0906249063317	-0.138304986769	0.0593046644807
MCT.f.0457	0.124398909723	0.042710937748	-0.175129173313
MCT.f.0456	0.157989693414	0.122721657643	-0.0540853601852
MCT.f.0455	-0.0775268866773	0.168531506536	0.113195802609
MCT.f.0454	-0.10213888558	0.0999006573296	0.0511863814747
MCT.f.0453	0.0553501746361	0.00589507868889	0.164255392727
MCT.f.0451	-0.10285800782	0.0548640374312	-0.116671094423
MCT.f.0450	0.0274012124983	0.0261665375082	-0.0617804610437
MCT.f.0447	-0.236203494366	-0.184745490793	-0.119400376588

Biplot	0	0

Site constraints	0	0
