Eigvals	3
93.1647167308	56.09754634	43.916558849

Proportion explained	3
0.248379762532	0.173155864658	0.141678254817

Species	0	0

Site	11	3
sample11	0.165120064832	-0.00352997141948	0.0306181361474
sample10	-0.300358221373	-0.0452610975419	-0.103472701389
sample13	0.212104627229	0.129817999828	-0.378626337751
sample5	0.132300192504	0.0148408735424	0.177549979977
sample4	0.184981888072	0.0688764103629	0.263758834613
sample7	-0.241804432905	0.0230520572236	-0.0543590715244
sample1	-0.192266667956	0.0886326443613	0.0843230956139
sample3	-0.136338109807	-0.188290019338	-0.0159889991667
sample2	0.240618894114	-0.147643645209	-0.101290811628
sample9	-0.062472834288	0.374151554433	0.0439367956973
sample8	-0.00188540042331	-0.314646806243	0.0535510794114

Biplot	0	0

Site constraints	0	0
