Eigvals	3
93.1647167308	56.09754634	43.916558849

Proportion explained	3
0.248379762532	0.173155864658	0.141678254817

Species	0	0

Site	11	3
sample11	0.0594325421604	0.0793851165885	-0.0063868536812
sample10	0.0101968527418	0.0983141056962	-0.0744819104381
sample13	-0.045525901377	-0.000726316967134	-0.0130582890951
sample5	0.00881457779262	-0.0186035110914	0.0630636347323
sample4	0.0377176147944	0.0164876203463	0.0997480991718
sample7	-0.0561485333686	-0.0990997780799	-0.0125163627955
sample1	0.0503549501148	-0.0802423783669	0.0269508392348
sample3	0.0266535624345	-0.017969088897	0.075480263786
sample2	0.0995433643848	-0.0975335122293	-0.0777203830542
sample9	-0.064629629077	0.114968657291	-0.038753005886
sample8	-0.126409400601	0.00501908570915	-0.0423260319749

Biplot	0	0

Site constraints	0	0
