Eigvals	3
200.422333853	176.235911223	99.425414201

Proportion explained	3
0.258550868792	0.22296127843	0.154712949715

Species	0	0

Site	15	3
MCT.f.0608	0.211294438763	-0.0409879053588	0.151609572247
MCT.f.0609	0.170255648047	-0.153814207835	-0.0543249364405
MCT.f.0606	0.172667755127	0.157774002977	0.115085831816
MCT.f.0607	0.193006881099	0.0352704651545	0.161341936499
MCT.f.0604	0.0247441764928	0.249211810282	-0.126420599909
MCT.f.0605	0.124886600364	0.228323247953	-0.0841979251778
MCT.f.0602	-0.161784238855	0.0700623131585	-0.149840245531
MCT.f.0603	-0.0848717903867	0.167735661742	-0.174129862728
MCT.f.0600	-0.254792151663	-0.0391938751727	0.133262854731
MCT.f.0601	-0.255283767588	-0.0490847679421	-0.0398245443175
MCT.f.0610	0.143611271664	-0.193988699496	-0.087748057315
MCT.f.0611	0.0329559967149	-0.222089531325	-0.139708751797
MCT.f.0598	-0.103461207592	0.0110806967128	0.19894598417
MCT.f.0599	-0.200335080495	-0.0141663793207	0.193981284845
MCT.f.0612	-0.0128945316927	-0.206132831529	-0.0980325410914

Biplot	0	0

Site constraints	0	0
