Eigvals	3
200.422333853	176.235911223	99.425414201

Proportion explained	3
0.258550868792	0.22296127843	0.154712949715

Species	0	0

Site	15	3
MCT.f.0608	0.0999966947428	0.0225426805299	-0.000149024432467
MCT.f.0609	0.00690544603305	-0.275176401404	-0.040464307991
MCT.f.0606	-0.0428399510505	0.0137329652156	0.0519911049098
MCT.f.0607	-0.0121680059558	-0.0181237277789	0.0210150815293
MCT.f.0604	0.0182246093143	0.0672829013962	0.00438380072556
MCT.f.0605	0.00876470006145	0.0849358897948	0.037562913548
MCT.f.0602	-0.212210580469	0.0335059419129	-0.253693528384
MCT.f.0603	0.0108134413709	0.0896185375368	-0.0435936627888
MCT.f.0600	-0.0786440498255	0.0750735101682	0.0726701307292
MCT.f.0601	-0.0521536285877	0.0408591168583	0.084123451127
MCT.f.0610	0.107255954841	-0.0186553265398	-0.0927259297329
MCT.f.0611	0.121399661781	-0.0916014068957	0.0361888821339
MCT.f.0598	0.0138079994142	0.0232233371042	0.0570818826829
MCT.f.0599	-0.0943792011941	0.000893462596469	0.120977059446
MCT.f.0612	0.105226909523	-0.0481114804955	-0.0553678535029

Biplot	0	0

Site constraints	0	0
