Eigvals	3
235.018592992	171.379160609	69.4481668074

Proportion explained	3
0.317524494416	0.264910897939	0.160934554196

Species	0	0

Site	12	3
MCT.f.0538	0.214855016455	-0.0769201055339	0.0696305508256
MCT.f.0539	0.216012778502	-0.0713248008477	0.0915930050841
MCT.f.0530	-0.23585722481	0.0355649734446	0.376324134869
MCT.f.0532	-0.268785834858	-0.0819921130703	0.0416175116682
MCT.f.0533	-0.258994861969	-0.133613801989	-0.108572927829
MCT.f.0534	-0.0652783865427	-0.14858415017	-0.144041028758
MCT.f.0535	0.0330928564513	-0.177491767129	-0.141244497518
MCT.f.0536	0.107101106711	-0.141935742041	-0.124107380955
MCT.f.0541	0.131379718835	0.187316327539	0.052507447482
MCT.f.0540	0.200060906662	-0.0296766636076	0.146086220505
MCT.f.0543	-0.0385506245005	0.35347373379	-0.118439329571
MCT.f.0544	-0.035035450937	0.285184109615	-0.141353705804

Biplot	0	0

Site constraints	0	0
