Eigvals	3
235.018592992	171.379160609	69.4481668074

Proportion explained	3
0.317524494416	0.264910897939	0.160934554196

Species	0	0

Site	12	3
MCT.f.0538	0.14961758243	-0.0902448374057	0.0949949545827
MCT.f.0539	0.133814703491	0.0100978878108	0.136550549256
MCT.f.0530	-0.0237818779	-0.0422761240796	0.26427874349
MCT.f.0532	-0.0674679063517	-0.0623871721379	-0.14689006763
MCT.f.0533	-0.158279144314	-0.220925575871	-0.13672962137
MCT.f.0534	-0.174565560071	-0.0912889216973	0.0154823135492
MCT.f.0535	-0.0319598378897	0.0488241241792	-0.103255920632
MCT.f.0536	-0.0652508019894	0.103397044981	0.0785556705135
MCT.f.0541	0.0703993407203	0.0510761362277	-0.0915723382633
MCT.f.0540	0.0654495755133	0.0256230069244	0.0280338309338
MCT.f.0543	0.0195867694446	0.145525897476	-0.064199290517
MCT.f.0544	0.0824371569162	0.122578533593	-0.0752488239119

Biplot	0	0

Site constraints	0	0
