Eigvals	3
200.829427663	76.4771016577	52.6854753632

Proportion explained	3
0.279153258058	0.13833522597	0.10495663175

Species	0	0

Site	15	3
MCT.f.0527	-0.0869281756342	-0.0496320779552	0.0627452293452
MCT.f.0526	-0.00711350361056	-0.0530506406928	0.0452785823115
MCT.f.0525	0.106479751793	0.0257160986083	0.0267946830814
MCT.f.0524	0.0681664042818	-0.0371891910837	0.035550522275
MCT.f.0523	-0.0337062959042	-0.0406836418412	0.0203776634419
MCT.f.0522	0.0120252249268	0.0991286377301	0.00894753940059
MCT.f.0520	0.113767903755	-0.00165727256888	0.0169939429995
MCT.f.0516	-0.0773590567928	0.0598911687818	-0.00947021536582
MCT.f.0517	-0.0904689892779	0.0736658493196	-0.00384796787406
MCT.f.0514	0.0891229850463	-0.00586111619521	-0.0538786061159
MCT.f.0515	-0.170068038612	0.00307177222036	-0.00408102540759
MCT.f.0512	0.0515003407303	-0.0373515062637	-0.0850113921378
MCT.f.0513	-0.0400130064807	0.0478162381133	-0.0683742115355
MCT.f.0511	-0.0183935603179	-0.0823798439696	-0.0400130372435
MCT.f.0519	0.0829880160974	-0.00148447420323	0.0479882928252

Biplot	0	0

Site constraints	0	0
