Eigvals	3
110.686390008	64.2579295102	43.3285838441

Proportion explained	3
0.412565406736	0.262023177957	0.133308059914

Species	0	0

Site	9	3
MCT.f.0255	0.213516516458	0.2132261718	-0.00193384070102
MCT.f.0247	0.00806736121492	-0.2093606538	-0.112553215074
MCT.f.0244	-0.300857240524	0.0869487322519	0.275444894058
MCT.f.0245	-0.153039558328	0.142245159699	-0.00517495143064
MCT.f.0250	0.150271524356	-0.140191749219	0.177967444987
MCT.f.0252	0.155917961213	-0.00592891698443	0.0157977778966
MCT.f.0249	0.141852041495	-0.23266033641	-0.14778587486
MCT.f.0254	0.0577798912822	0.156037718084	-0.0875002503476
MCT.f.0243	-0.273508497167	-0.0103161254226	-0.114261984529

Biplot	0	0

Site constraints	0	0
