Eigvals	3
110.686390008	64.2579295102	43.3285838441

Proportion explained	3
0.412565406736	0.262023177957	0.133308059914

Species	0	0

Site	9	3
MCT.f.0255	0.199267016539	0.30484337481	-0.0947096415916
MCT.f.0247	-0.0778473488577	-0.139776164122	-0.20983818899
MCT.f.0244	-0.325421956361	0.0681978126031	0.0530325094727
MCT.f.0245	-0.254242362703	0.00543384461309	-0.113291527855
MCT.f.0250	0.202233077009	-0.267012424915	0.141941286051
MCT.f.0252	0.268379609444	0.0458978244578	0.12281223856
MCT.f.0249	0.135326633205	-0.30755224538	-0.0707552807777
MCT.f.0254	0.204558892702	0.246745760349	-0.00167185922649
MCT.f.0243	-0.352253560978	0.0432222175837	0.172480464357

Biplot	0	0

Site constraints	0	0
