Eigvals	3
200.829427663	76.4771016577	52.6854753632

Proportion explained	3
0.279153258058	0.13833522597	0.10495663175

Species	0	0

Site	15	3
sample10	0.18696345411	0.104783698416	-0.279920352897
sample13	0.299101986756	0.102826405795	0.0278464873873
sample12	0.259375131057	0.0619249978216	0.0868325157702
sample15	-0.0641670742675	-0.153492826488	0.154099072465
sample14	0.146508296967	-0.0657716494371	0.245469363068
sample17	-0.25996075372	0.0168273841258	0.0853115990223
sample16	-0.0549105738166	-0.148469326387	0.123768797925
sample5	-0.0530517683294	-0.293322352157	-0.164800153736
sample4	-0.0216186348211	-0.206342190479	-0.169765092761
sample7	-0.215412284435	0.106520639789	0.00359948113926
sample6	-0.238787680446	0.300887737076	-0.00201646600512
sample1	-0.0633321370679	0.0539790265074	-0.10981596192
sample3	-0.0776726101836	0.0227722720353	-0.0393134587005
sample2	0.032904441784	0.0269685164397	0.0279396138064
sample9	0.124060206413	0.0699076669426	0.0107645554362

Biplot	0	0

Site constraints	0	0
