Eigvals	3
146.385421425	62.6803233323	55.689783385

Proportion explained	3
0.353381127224	0.190917579227	0.149838248447

Species	0	0

Site	9	3
sample11	0.0484063440941	0.130587497657	0.0172693475959
sample12	0.0371977064289	0.0463940947191	0.0643741302981
sample14	0.137601147606	0.0238654950743	0.0481500543537
sample5	-0.0624068639531	-0.0232362382062	0.0325206085015
sample4	-0.0401455892423	-0.045192464798	-0.102308911065
sample6	-0.0591114375586	0.0405986790526	0.0299639357233
sample1	-0.0392720875824	-0.0336398214524	-0.174058938849
sample2	0.0270579763609	-0.131462229007	-0.00403460983431
sample9	-0.0493271961539	-0.0079150130394	0.0881243832763

Biplot	0	0

Site constraints	0	0
