Eigvals	3
146.385421425	62.6803233323	55.689783385

Proportion explained	3
0.353381127224	0.190917579227	0.149838248447

Species	0	0

Site	9	3
sample11	0.110817488656	0.306699601478	0.236760443884
sample12	-0.226165285996	0.0421565210092	-0.29890289658
sample14	0.444060743779	-0.0175479953531	-0.0584656103599
sample5	0.151213615457	-0.095993135344	-0.061512820086
sample4	0.218502442793	-0.153577109405	-0.0534134692977
sample6	-0.2218906001	-0.278697548124	0.126572188098
sample1	-0.152726115875	0.156874467495	-0.127613356397
sample2	-0.16195344754	-0.191172596023	0.176509018978
sample9	-0.161858841174	0.231257794267	0.0600665017614

Biplot	0	0

Site constraints	0	0
