Eigvals	3
306.538832602	90.0266251898	73.0303188465

Proportion explained	3
0.330998027501	0.150083615787	0.126336425417

Species	0	0

Site	15	3
MCT.f.0007	0.25896572434	-0.0767498780526	-0.02985981235
MCT.f.0003	-0.212710996464	0.0183552600005	0.200397632578
MCT.f.0004	-0.0540227581001	0.0531923174986	0.241841704804
MCT.f.0005	0.227055735847	0.00453183010865	0.169995310977
MCT.f.0008	0.0308717137515	-0.0521421466284	0.0431779113377
MCT.f.0009	-0.0348999527866	0.149131701797	-0.0437467806527
MCT.f.0006	0.358383811071	-0.0217084297384	-0.00716048309028
MCT.f.0017	0.0152268931791	-0.243825099761	-0.0383363912465
MCT.f.0016	-0.0505709864397	-0.26453036859	-0.033891855481
MCT.f.0002	-0.194703137411	0.0358718748797	0.196975371921
MCT.f.0014	0.0991284066885	0.284526718656	-0.0852736303645
MCT.f.0013	-0.0428230168444	0.208175467842	-0.131431769348
MCT.f.0012	-0.123179752296	-0.0244740988902	-0.142726046638
MCT.f.0011	-0.162168417068	-0.150673199361	-0.16914981476
MCT.f.0010	-0.114553267467	0.0803180502382	-0.170811347687

Biplot	0	0

Site constraints	0	0
