Eigvals	3
306.538832602	90.0266251898	73.0303188465

Proportion explained	3
0.330998027501	0.150083615787	0.126336425417

Species	0	0

Site	15	3
MCT.f.0007	0.0625285175731	0.022820035901	0.0201294190113
MCT.f.0003	-0.0594183513225	-0.188930197592	0.267051694876
MCT.f.0004	0.0246744779595	0.0448535465117	0.0368884999206
MCT.f.0005	-0.0223909611669	0.0624441222366	0.0202105766345
MCT.f.0008	0.0287794021545	0.0187382082407	0.00687533838905
MCT.f.0009	0.0419943294404	0.0139327108392	0.00285565014798
MCT.f.0006	0.0547762715519	0.0161321910569	0.0061535588428
MCT.f.0017	-0.0599609841524	-0.0836313994019	-0.0676591027971
MCT.f.0016	0.0298462250452	-0.0693275199403	0.0221738135434
MCT.f.0002	-0.0767853867861	0.122306512474	-0.0246804753478
MCT.f.0014	0.065283511122	-0.0359189687561	-0.0291569962554
MCT.f.0013	0.0367037039517	0.021067147753	-0.0340262800189
MCT.f.0012	-0.0154823557424	0.0121131724482	-0.0721818962133
MCT.f.0011	-0.0368420034939	0.0446963611119	-0.0641569027159
MCT.f.0010	-0.0737063961341	-0.00129592288215	-0.0904768980175

Biplot	0	0

Site constraints	0	0
