Eigvals	3
355.653714083	186.365056486	60.7433927268

Proportion explained	3
0.28930644204	0.17724241514	0.0927684252943

Species	0	0

Site	15	3
sample11	-0.0274823983223	-0.053426218584	-0.0620380485268
sample10	0.0089762538306	-0.0500832164362	0.026346734155
sample13	0.0510260547581	-0.0207260660431	-0.000176712089647
sample12	-0.0501440710234	-0.0292320087764	-0.0699813395672
sample15	-0.0961280071611	0.0201940935755	0.244366319159
sample16	-0.00704856135265	0.0258323508578	-0.0423465669148
sample5	0.118216668924	0.0441399348593	0.0806754077373
sample4	0.0300618819398	0.0951438144562	-0.0114396660728
sample7	0.120754055246	0.0852480308283	0.0759178126803
sample6	-0.00387861133796	-0.0459869831112	-0.00982756613161
sample1	-0.0727641023739	-0.00970858586262	-0.0564436451903
sample3	-0.0226032393134	-0.00699999865725	-0.0348976487532
sample2	-0.0336845464461	0.0273149923469	-0.0483352071867
sample9	0.032747956321	-0.0195810975353	-0.0069680534305
sample8	-0.0480493336888	-0.0621290419179	-0.084851819868

Biplot	0	0

Site constraints	0	0
