Eigvals	3
355.653714083	186.365056486	60.7433927268

Proportion explained	3
0.28930644204	0.17724241514	0.0927684252943

Species	0	0

Site	15	3
sample11	-0.193685244676	-0.181971832847	0.168895885387
sample10	0.165917513919	-0.184442966881	-0.19195523656
sample13	0.246882276611	-0.154860130914	0.17707385857
sample12	0.234185418233	0.0441437988039	0.0231231131514
sample15	-0.19481772008	-0.119710949938	0.077302348883
sample16	-0.00581911866751	0.0742682726517	-0.0647227610901
sample5	0.202658527161	0.158357897195	-0.0224650249819
sample4	-0.0656137798391	0.143354974558	-0.139507111535
sample7	0.204410811285	0.133089278891	0.139639869996
sample6	-0.133017378971	0.161715432931	0.20629722122
sample1	-0.176610233723	0.243957840793	0.0503295672462
sample3	-0.143776464867	-0.129633652877	-0.0495858690043
sample2	-0.0442789218632	0.0744581289378	-0.257009637061
sample9	0.0399847471719	-0.204731689401	-0.00696786932496
sample8	-0.136420431695	-0.0579944019035	-0.110448354896

Biplot	0	0

Site constraints	0	0
