Eigvals	3
161.335979083	91.4241942789	62.6529262452

Proportion explained	3
0.260271482138	0.170660465604	0.126666701971

Species	0	0

Site	11	3
MCT.f.0219	0.115545252463	-0.0979250094284	-0.0447015864616
MCT.f.0218	0.111078526366	-0.0743327290795	0.0104347840181
MCT.f.0209	-0.0986683385147	-0.00635449782665	0.0772552614463
MCT.f.0211	-0.213925502315	-0.0172667100771	-0.0676471708466
MCT.f.0215	-0.0209384508439	0.069811649509	0.0694614771939
MCT.f.0213	-0.000813347285333	0.0121115295327	0.0412117797237
MCT.f.0206	-0.089324306958	0.00897688660238	0.0499906115563
MCT.f.0214	0.00779369390091	0.181284949311	-0.141881012216
MCT.f.0216	0.0565753947539	0.00627685541233	0.0763110858507
MCT.f.0221	0.0391232995021	-0.06888906583	-0.0829476630709
MCT.f.0220	0.0935537789317	-0.0136938581255	0.0125124328056

Biplot	0	0

Site constraints	0	0
