Eigvals	3
161.335979083	91.4241942789	62.6529262452

Proportion explained	3
0.260271482138	0.170660465604	0.126666701971

Species	0	0

Site	11	3
MCT.f.0219	0.349352791273	-0.0882900997616	-0.0198188028205
MCT.f.0218	-0.256829751285	-0.169350611541	-0.0605854095226
MCT.f.0209	-0.207305640853	0.193677881147	-0.163096361929
MCT.f.0211	-0.193009699157	-0.244056909271	-0.0484411942515
MCT.f.0215	0.0897487052137	0.0628241170408	0.358826327973
MCT.f.0213	-0.0734806110977	0.327675345672	0.0866164972436
MCT.f.0206	-0.126520328303	-0.159700843029	0.206762080991
MCT.f.0214	0.0812790060691	0.19187584959	-0.178553260463
MCT.f.0216	0.0708117935198	-0.0960721804892	-0.132579340673
MCT.f.0221	-0.0303878743068	0.0754641721954	0.0398388346684
MCT.f.0220	0.296341608927	-0.0940467215534	-0.0889693712166

Biplot	0	0

Site constraints	0	0
