Eigvals	3
103.625541611	56.0752521936	46.1215905701

Proportion explained	3
0.471049331482	0.231873589107	0.158363404234

Species	0	0

Site	8	3
MCT.f.0586	-0.142805219004	-0.0920325541794	0.0589223545399
MCT.f.0590	-0.0101510057308	-0.158891312338	0.148543169871
MCT.f.0585	-0.339859231789	0.140477751073	-0.178465457057
MCT.f.0587	-0.0376103402235	-0.185691787854	-0.00116506175274
MCT.f.0595	0.28134822234	0.191980078496	-0.0276696090103
MCT.f.0592	0.226625150957	-0.085551438217	-0.223694905811
MCT.f.0593	0.166453980305	-0.0439777256074	-0.00485106406043
MCT.f.0583	-0.144001556855	0.233686988627	0.228380573281

Biplot	0	0

Site constraints	0	0
