Eigvals	3
103.625541611	56.0752521936	46.1215905701

Proportion explained	3
0.471049331482	0.231873589107	0.158363404234

Species	0	0

Site	8	3
MCT.f.0586	-0.312307836159	-0.118279467503	-0.113394567421
MCT.f.0590	0.141798313762	-0.253566097355	0.205678133353
MCT.f.0585	-0.31577664568	0.131413263318	-0.00528280156709
MCT.f.0587	-0.230381583617	-0.19200408684	-0.125963570089
MCT.f.0595	0.305745748117	0.20366930768	-0.167092677952
MCT.f.0592	0.257153446489	-0.0941346941843	0.0741814150239
MCT.f.0593	0.341260733631	0.0354726504503	-0.0728685750856
MCT.f.0583	-0.187492176544	0.287429124433	0.204742643738

Biplot	0	0

Site constraints	0	0
