Eigvals	3
266.368671408	152.438678599	85.5698457193

Proportion explained	3
0.256036763747	0.161668957226	0.111556332043

Species	0	0

Site	16	3
MCT.f.0107	-0.177033689768	-0.163315121502	0.222840832407
MCT.f.0106	-0.285003983537	-0.0822777988083	-0.126695422027
MCT.f.0103	-0.224515273204	0.0984265522633	0.025774015879
MCT.f.0112	0.094150031274	0.0788161272869	-0.211042573627
MCT.f.0113	0.169035206601	-0.0411621373598	-0.00198088837712
MCT.f.0110	0.0152523225092	0.145975708298	-0.0622010781894
MCT.f.0111	-0.0131299532925	0.0159975773744	-0.234422246675
MCT.f.0116	0.177512302116	-0.200431751066	0.134484537263
MCT.f.0104	-0.326037693675	0.119101374589	0.0667644135761
MCT.f.0114	0.0884950558077	-0.203913721418	-0.034343123631
MCT.f.0115	0.130248073001	-0.00405833462908	0.00881057326394
MCT.f.0109	0.0527631338507	0.0279720897466	-0.0648623226149
MCT.f.0108	-0.040247504893	-0.230548321459	-0.0608581630355
MCT.f.0118	0.150860572562	0.192806348967	-0.0344993802224
MCT.f.0119	0.0804207026823	0.225442793264	0.251651487349
MCT.f.0117	0.107230697967	0.0211686144537	0.12057933866

Biplot	0	0

Site constraints	0	0
