Eigvals	3
183.602622088	67.262973175	62.1831416766

Proportion explained	3
0.299634657104	0.156819957392	0.140156718908

Species	0	0

Site	14	3
sample11	0.0579454174752	0.0018053547367	-0.0916984206737
sample10	0.0561060389105	-0.008800922614	0.0268810310936
sample13	-0.106825781083	0.0108788189312	-0.0528408682393
sample12	0.0589886174881	-0.0675667767433	0.0813301288526
sample14	0.00266310894382	0.064951151124	0.0430795179134
sample5	0.023580926297	-0.0273842666518	0.0316817167796
sample4	0.0320849507495	0.093281096338	-0.052613488337
sample7	-0.14273721863	0.194840887675	-0.0774285990295
sample6	-0.0763253937925	0.0270618451906	-0.0113667897584
sample1	0.0787682036608	-0.0273776486596	0.0666864014793
sample3	0.0314560415602	-0.00845040777276	0.0975102295572
sample2	-0.0846124240023	-0.151558115421	0.0216942501321
sample9	-0.0470099825957	0.0259260565101	0.00644140114757
sample8	0.115917495019	-0.127607072643	-0.0893565109176

Biplot	0	0

Site constraints	0	0
