Eigvals	3
183.602622088	67.262973175	62.1831416766

Proportion explained	3
0.299634657104	0.156819957392	0.140156718908

Species	0	0

Site	14	3
sample11	0.07962227679	-0.0710155052335	-0.247632105869
sample10	-0.032890355706	-0.0621107272687	0.02440980291
sample13	0.268733522436	-0.131466689313	0.136716365837
sample12	0.125012956488	-0.103830635205	0.264565684757
sample14	0.297727542072	0.367105305296	0.0717054212181
sample5	-0.0994127424711	0.109100062432	0.144780494458
sample4	-0.161114426458	-0.0192956663987	0.00413035155932
sample7	-0.18358831151	0.3135033949	-0.133021191832
sample6	-0.0710890488954	-0.0615938333109	0.0280664063034
sample1	-0.104094769702	-0.108701488886	-0.0702698343462
sample3	-0.14204492421	-0.0557539242388	0.0085556058706
sample2	-0.139036441588	-0.0610680236123	0.010492074549
sample9	-0.1319865032	-0.0225353770793	0.0265576473009
sample8	0.294161225954	-0.0923368920823	-0.269056722716

Biplot	0	0

Site constraints	0	0
