Eigvals	3
156.596050754	111.917170325	72.2367753952

Proportion explained	3
0.253386425838	0.164492351572	0.11725456432

Species	0	0

Site	13	3
sample11	-0.0321809586136	-0.0273687287543	0.0157070467195
sample10	-0.00916688126015	0.0136593994856	-0.0588623027815
sample12	-0.00256073208287	-0.0457480220302	0.0217793306404
sample14	0.0276687767945	-0.0554768163496	-0.00945587721273
sample5	-0.0105872176152	-0.00910692296558	0.0300631064267
sample4	0.0480477678885	0.0141175425895	0.0471956435566
sample7	-0.0347010782298	0.0388159777034	0.0103475977455
sample6	0.0151492587591	0.0416180954376	-0.00629988271186
sample1	0.0221182285002	-0.0177841634355	-0.0449717150719
sample3	0.0432163167552	-0.00331842272238	0.00307958071373
sample2	0.0311015065418	-0.0217424523931	-0.0242872898756
sample9	-0.0183629198436	0.0622355665033	-0.0214038603393
sample8	-0.0797420675943	0.0100989469311	0.0371086221904

Biplot	0	0

Site constraints	0	0
