Eigvals	3
156.596050754	111.917170325	72.2367753952

Proportion explained	3
0.253386425838	0.164492351572	0.11725456432

Species	0	0

Site	13	3
sample11	-0.113997082704	0.114901974187	0.0649458298649
sample10	-0.18984406844	0.0222221599445	-0.243285855581
sample12	-0.00118445267562	0.0589212469568	0.306609769534
sample14	0.395697168961	-0.0210104252116	-0.162625840336
sample5	-0.0872990328117	-0.0467270438897	-0.0991109151466
sample4	-0.11983954634	-0.0198278668237	0.0389258253911
sample7	0.314293279104	-0.0280307092172	0.114443095986
sample6	0.322548418772	0.147596948212	-0.043655645136
sample1	-0.137049239573	0.126631057722	0.013113459423
sample3	-0.118520534071	-0.0528097543753	0.0339325076776
sample2	-0.038510734575	-0.362676245005	0.0878941469559
sample9	-0.15139329666	0.233599016971	-0.0121807729791
sample8	-0.0749008789866	-0.17279035947	-0.0990056056546

Biplot	0	0

Site constraints	0	0
