Eigvals	3
119.160573477	61.270501553	51.0446162097

Proportion explained	3
0.245186139736	0.143448097436	0.124343858259

Species	0	0

Site	12	3
MCT.f.0035	0.0605394031505	-0.150148298846	0.319169593716
MCT.f.0037	-0.0612117223697	-0.18120482224	0.138320540525
MCT.f.0036	-0.0978815313556	-0.0312487804551	-0.0438057041516
MCT.f.0048	0.574453804211	-0.0495582664002	-0.116949788765
MCT.f.0049	-0.0431253459646	0.434419724163	0.0365710407152
MCT.f.0044	0.0377231093096	0.0343508712961	0.00688374108258
MCT.f.0045	-0.0447778352768	0.126850902522	0.203779713539
MCT.f.0039	-0.158855724534	-0.0904361776841	-0.121225003265
MCT.f.0038	-0.135903654177	-0.0416565655967	-0.172302879752
MCT.f.0042	-0.0775325752058	-0.0828820929539	0.0281698696241
MCT.f.0043	0.0839066497055	0.110292831023	-0.0735463037169
MCT.f.0050	-0.137334577494	-0.0787793248275	-0.205064819551

Biplot	0	0

Site constraints	0	0
