Eigvals	3
119.160573477	61.270501553	51.0446162097

Proportion explained	3
0.245186139736	0.143448097436	0.124343858259

Species	0	0

Site	12	3
MCT.f.0035	-0.0310936321232	-0.0417733143839	0.130764732288
MCT.f.0037	0.0220195636208	-0.0448172908041	-0.100987940652
MCT.f.0036	-0.156541984434	-0.113415826942	0.0993444532936
MCT.f.0048	0.127058558121	0.00743202037843	-0.029882587804
MCT.f.0049	-0.0148039732039	0.0470187522503	-0.0359289806221
MCT.f.0044	-0.0116873881781	0.00389558210552	-0.121665933946
MCT.f.0045	-0.0155958249637	0.0761643584656	0.0621817661088
MCT.f.0039	-0.122230139519	0.0915693277866	-0.0256718678238
MCT.f.0038	0.0447610208603	-0.0547834350807	-0.0594076314107
MCT.f.0042	0.0820530124802	-0.0491324196669	0.00262337521713
MCT.f.0043	0.0796979340327	0.0253849721811	0.013953902726
MCT.f.0050	-0.00363714669208	0.0524572737101	0.0646767126257

Biplot	0	0

Site constraints	0	0
