Eigvals	3
189.277265769	134.66022142	103.446447733

Proportion explained	3
0.299972041322	0.219106623632	0.15283153158

Species	0	0

Site	14	3
MCT.f.0398	-0.110559992556	-0.152998905428	-0.028680103695
MCT.f.0394	-0.201989898941	0.141878945357	0.0772781242353
MCT.f.0395	-0.249476109254	0.108765330838	0.0933366212318
MCT.f.0396	-0.246612177183	0.0962525274493	0.0927262851062
MCT.f.0397	-0.177200765502	-0.0660290683875	0.123372676076
MCT.f.0408	0.192742984619	-0.0954644666508	0.0372644049794
MCT.f.0404	0.158187083878	0.21036420977	-0.029403024434
MCT.f.0405	0.184129182103	-0.00329563605095	0.102045068646
MCT.f.0406	0.209811386293	-0.142400167034	0.128158671846
MCT.f.0407	0.208445656713	-0.153762229082	0.10700231618
MCT.f.0400	-0.0847911535965	-0.164173989252	-0.270561241251
MCT.f.0399	-0.135319629175	-0.214480308282	-0.156569308747
MCT.f.0402	0.106961087209	0.201223607085	-0.15530499143
MCT.f.0403	0.145672345392	0.234120149668	-0.120665498744

Biplot	0	0

Site constraints	0	0
