Eigvals	3
189.277265769	134.66022142	103.446447733

Proportion explained	3
0.299972041322	0.219106623632	0.15283153158

Species	0	0

Site	14	3
MCT.f.0398	0.0105308840313	-0.138224610874	-0.0467008978869
MCT.f.0394	-0.0415142542986	0.0883547096542	0.0371813771695
MCT.f.0395	-0.0516322256943	0.101039941522	-0.00277488113136
MCT.f.0396	-0.0357503797253	0.0415895341174	0.0542651892519
MCT.f.0397	0.105093456785	-0.0887121645421	-0.0641153652568
MCT.f.0408	-0.0790574140979	-0.0912537372734	0.131457743975
MCT.f.0404	-0.0340364573725	-0.00869895708938	-0.0573651769261
MCT.f.0405	0.0517862241919	0.0654933191518	0.00492692900111
MCT.f.0406	0.156680794052	0.0415018398036	-0.00792250557618
MCT.f.0407	0.018449715421	-0.0630458604448	0.103247674884
MCT.f.0400	-0.0578072895338	0.0204677052725	0.0058802291013
MCT.f.0399	-0.106591500949	-0.111169646941	-0.138210121504
MCT.f.0402	0.0132528962662	0.0518232179541	-0.0572863107374
MCT.f.0403	0.0505955509235	0.0908347096898	0.0374161156357

Biplot	0	0

Site constraints	0	0
