Eigvals	3
147.363717781	107.62468669	68.8746600619

Proportion explained	3
0.250242161762	0.177767524549	0.131151476939

Species	0	0

Site	12	3
sample11	0.0628844998262	-0.0633383168202	0.10616713223
sample10	0.0885030533117	-0.0864077276122	0.0138877925803
sample13	-0.038112892975	-0.0918100143995	0.148897622886
sample5	-0.0823170824099	0.0676621447544	-0.0594541704806
sample4	0.0759716683837	0.0264909908426	0.030620077378
sample7	0.212558283982	0.0174999325772	-0.112580408382
sample6	0.0536628143306	0.0575156256158	-0.119788628259
sample1	-0.084520437712	-0.0330433097358	0.0775434652265
sample3	-0.0286712188005	0.141215250154	0.0948881641826
sample2	-0.0777806472235	0.050765959663	0.085373911129
sample9	-0.114189979001	-0.111937631301	-0.0942401486199
sample8	-0.0679880617121	0.0253870962617	-0.17131480987

Biplot	0	0

Site constraints	0	0
