Eigvals	3
147.363717781	107.62468669	68.8746600619

Proportion explained	3
0.250242161762	0.177767524549	0.131151476939

Species	0	0

Site	12	3
sample11	-0.112721462217	-0.0850959697875	-0.122438669765
sample10	-0.165890517815	-0.109652003125	0.15012221529
sample13	0.250689994599	-0.160747808463	0.3456794002
sample5	-0.111093688127	0.0486143739809	-0.0282527947804
sample4	-0.11115608576	0.0424823617479	-0.070475468582
sample7	0.368290660549	0.151897037083	-0.196127832983
sample6	0.354098945879	-0.107902341112	-0.0787712893368
sample1	-0.109995119386	-0.141339963376	-0.00814707199443
sample3	-0.102121624439	0.0668347349457	-0.0227511410449
sample2	-0.0469839628993	0.329355206808	0.19622173147
sample9	-0.126496885	-0.217509731547	-0.132877524648
sample8	-0.0866202553837	0.183064102846	-0.0321815538252

Biplot	0	0

Site constraints	0	0
