Eigvals	3
299.855405541	151.686867544	103.277766404

Proportion explained	3
0.268600482372	0.181030641946	0.133936479699

Species	0	0

Site	16	3
MCT.f.0303	0.197996905459	0.0137163005195	-0.0351637530896
MCT.f.0302	-0.0171900438997	0.113167712149	-0.0104886335644
MCT.f.0301	0.19005897771	-0.0821739039948	0.0360182828665
MCT.f.0300	0.203921753092	-0.031935424483	-0.12879704843
MCT.f.0306	0.0296581808215	0.00798818221155	0.174718196355
MCT.f.0305	0.0288093704116	0.107030343538	0.0589401111698
MCT.f.0304	0.133264099876	0.0251045238922	0.0588113271169
MCT.f.0291	-0.186941719453	-0.00416038729046	-0.0384858619808
MCT.f.0293	-0.0881352275204	0.0274877449294	-0.0413512283888
MCT.f.0292	-0.104965038301	0.109546272331	-0.0831937218173
MCT.f.0295	-0.107362372523	0.0384158836112	-0.097968546286
MCT.f.0294	-0.0894256380184	-0.0842969449103	0.0876718458499
MCT.f.0297	0.0338216347542	0.0167483111716	-0.0777904546833
MCT.f.0296	-0.111690964855	-0.207935166187	0.00386007409821
MCT.f.0299	-0.083086260862	-0.0552043013926	0.0712330534712
MCT.f.0298	-0.0287336566907	0.00650085390445	0.0219863573125

Biplot	0	0

Site constraints	0	0
