Eigvals	3
299.855405541	151.686867544	103.277766404

Proportion explained	3
0.268600482372	0.181030641946	0.133936479699

Species	0	0

Site	16	3
MCT.f.0303	0.218455097215	0.138578872672	-0.112262816763
MCT.f.0302	0.201227337972	0.0220377611999	-0.14694151219
MCT.f.0301	0.220919932267	-0.121065336804	-0.0191107612437
MCT.f.0300	0.163144640115	-0.218029156885	0.03562847851
MCT.f.0306	-0.0737317061919	0.0912817144059	0.224566316132
MCT.f.0305	0.0646566877474	0.148143488474	0.237400052514
MCT.f.0304	0.231019522011	0.22926942294	0.0461770065157
MCT.f.0291	-0.17080876169	0.0417248795361	0.0291600700289
MCT.f.0293	-0.164038150603	0.180356626307	-0.087305339622
MCT.f.0292	-0.176990900072	0.179186284565	-0.0723177163887
MCT.f.0295	-0.0792740677727	-0.214330975532	0.0059818345037
MCT.f.0294	-0.141493431165	-0.0322562498033	0.0930411651645
MCT.f.0297	-0.128841775236	-0.0118232512212	-0.189386100557
MCT.f.0296	-0.0730617960735	-0.0940158133691	-0.23675350008
MCT.f.0299	-0.00175775998243	-0.228665409751	0.114336649824
MCT.f.0298	-0.0894248685407	-0.110392856735	0.0777861736503

Biplot	0	0

Site constraints	0	0
