Eigvals	3
134.891140372	68.1339370098	46.3615945207

Proportion explained	3
0.327623615729	0.180282624082	0.134981062337

Species	0	0

Site	14	3
MCT.f.0149	0.0499302936325	-0.111280108917	0.0142549187601
MCT.f.0148	0.0547267666912	-0.0784371332305	0.0350763753485
MCT.f.0145	-0.0526644737595	-0.0879620573997	0.10552265361
MCT.f.0144	-0.115360646984	0.0379518476168	0.106532493909
MCT.f.0147	0.0182229195978	-0.0541912844551	-0.0778797818973
MCT.f.0146	0.0251935238617	-0.177740131361	0.0594275403427
MCT.f.0141	-0.084643360573	-0.0579075337437	0.0107284289314
MCT.f.0152	0.0843498293711	-0.039433977367	0.0683844329889
MCT.f.0143	-0.137804086453	0.106656559244	-0.295315274653
MCT.f.0142	-0.0749865835799	0.0505070128384	0.0259579918871
MCT.f.0150	0.122128660613	0.22971897325	-0.107383999449
MCT.f.0153	0.0739328232033	0.0857362658162	-0.11162195762
MCT.f.0151	0.155546243913	0.0537189335267	0.0228945622299
MCT.f.0139	-0.118571909535	0.0426626341821	0.143421615612

Biplot	0	0

Site constraints	0	0
