Eigvals	3
134.891140372	68.1339370098	46.3615945207

Proportion explained	3
0.327623615729	0.180282624082	0.134981062337

Species	0	0

Site	14	3
MCT.f.0149	0.198524885853	-0.0753867845646	-0.152896963351
MCT.f.0148	0.137252132636	-0.15757622401	-0.0851914341347
MCT.f.0145	-0.159795811291	-0.153014143018	-0.000714445997776
MCT.f.0144	-0.239882538819	-0.0196145891615	-0.0911273904246
MCT.f.0147	0.0613430588083	-0.2340848792	0.0324148115251
MCT.f.0146	-0.0309004676884	-0.233493076546	0.0975337068034
MCT.f.0141	-0.167161659842	0.0955174536583	0.144873200739
MCT.f.0152	0.218410182339	0.136430116553	0.100204883278
MCT.f.0143	-0.239086618601	0.107663549074	-0.180903997699
MCT.f.0142	-0.27211843353	0.161776660282	-0.0939220958714
MCT.f.0150	0.242198869893	0.0468863730151	-0.161780660312
MCT.f.0153	0.101006300126	0.11267555389	0.137921686478
MCT.f.0151	0.235677282317	0.205252107624	0.00481216757603
MCT.f.0139	-0.0854671822002	0.00696788240459	0.24877653139

Biplot	0	0

Site constraints	0	0
