Eigvals	3
70.4137731176	47.9623803025	28.1367982771

Proportion explained	3
0.428698215801	0.256477897384	0.123392233636

Species	0	0

Site	8	3
MCT.f.0050	0.144245925229	0.0429005851473	-0.0507363202152
MCT.f.0048	-0.0546039023462	-0.102827046848	-0.127109915165
MCT.f.0049	0.107301318222	-0.0419072698647	0.0925453423823
MCT.f.0044	-0.0910831754011	-0.106263719918	0.189939152941
MCT.f.0045	0.087981451512	0.0834761037939	-0.0312397462763
MCT.f.0039	-0.0352384607786	0.244706620883	0.100553426006
MCT.f.0042	-0.094659400884	-0.0987985160716	-0.0736513770607
MCT.f.0043	-0.0639437555527	-0.0212867571219	-0.100300562613

Biplot	0	0

Site constraints	0	0
