Eigvals	3
70.4137731176	47.9623803025	28.1367982771

Proportion explained	3
0.428698215801	0.256477897384	0.123392233636

Species	0	0

Site	8	3
MCT.f.0050	0.314359539796	0.0513396893138	-0.206238160596
MCT.f.0048	0.301990035021	-0.0846723314162	0.168594465537
MCT.f.0049	0.377869639159	-0.00761661801922	-0.0352009300057
MCT.f.0044	-0.218448282902	-0.186871734085	-0.00278577357697
MCT.f.0045	-0.0958554148619	-0.216717467575	0.143695400349
MCT.f.0039	-0.107356520274	0.453633918382	0.118018690094
MCT.f.0042	-0.30661950433	0.0738560835433	-0.0877324131163
MCT.f.0043	-0.265939491608	-0.0829515401437	-0.0983512786857

Biplot	0	0

Site constraints	0	0
