Eigvals	3
176.826463873	140.486183945	88.5009583488

Proportion explained	3
0.233697904349	0.183134376961	0.138237890723

Species	0	0

Site	11	3
sample11	-0.0628112486024	0.00940324400414	0.0732991851653
sample10	-0.122064641791	-0.0597410817717	-0.0416318797254
sample13	0.121996794168	-0.118900678076	0.139231818704
sample12	-0.0552131717844	-0.0553509927928	0.0218684870341
sample5	0.0123658327722	0.0824891135292	-0.000860051319115
sample4	0.117807024877	0.0366793316092	-0.0587325667375
sample6	0.00236934025506	0.0516523350193	0.0599361031133
sample1	0.0440825793439	-0.0375937934394	-0.0950374506366
sample3	0.00196298508785	0.0132309487876	-0.122870102906
sample2	-0.00959933758351	0.0142813188889	-0.0574667989431
sample8	-0.0508961567429	0.0638502542415	0.0822632562511

Biplot	0	0

Site constraints	0	0
