Eigvals	3
176.826463873	140.486183945	88.5009583488

Proportion explained	3
0.233697904349	0.183134376961	0.138237890723

Species	0	0

Site	11	3
sample11	-0.23015368381	-0.200502827199	0.0339200607485
sample10	-0.0810258647755	-0.133980494469	0.316214896416
sample13	0.170586433158	-0.122414358228	0.164483435058
sample12	-0.304647401352	-0.0098713937375	-0.0621777466175
sample5	0.228164790438	0.0333624522758	0.162680511266
sample4	0.00535310528746	0.220613664972	-0.0927110235611
sample6	-0.0089064395349	-0.195312602178	-0.206678330913
sample1	-0.159759055391	0.0354604758892	-0.174427934668
sample3	0.289171604609	0.0224225911363	-0.114183208979
sample2	0.208951901265	-0.028300223518	-0.153283959946
sample8	-0.117735389894	0.378522715055	0.126163301195

Biplot	0	0

Site constraints	0	0
