Eigvals	3
73.3535159309	49.6712346346	29.5772343122

Proportion explained	3
0.259566215287	0.194606709359	0.134011960886

Species	0	0

Site	9	3
sample11	0.161696718741	-0.122820600567	-0.0362717802782
sample10	0.0657622956135	-0.119102509326	0.0618486955305
sample13	-0.55660814601	-0.0984743746659	0.104941908907
sample12	0.0403295613943	-0.260386488122	-0.163918375335
sample5	0.159292253196	0.0296304988086	0.231050451962
sample4	0.137058186871	0.0728027240541	0.278213226393
sample7	-0.0539954272168	0.281021706137	-0.044442567624
sample6	-0.0197038216751	0.355444080809	-0.209972673787
sample1	0.0661683790862	-0.138115037128	-0.221448885768

Biplot	0	0

Site constraints	0	0
