Eigvals	3
73.3535159309	49.6712346346	29.5772343122

Proportion explained	3
0.259566215287	0.194606709359	0.134011960886

Species	0	0

Site	9	3
sample11	-0.0946445585526	0.0446936273052	-0.118520712354
sample10	-0.0531317718631	0.008717206286	0.180510369501
sample13	-0.117690076938	-0.0278214888712	0.0730257599449
sample12	-0.0573621738977	-0.140663754433	-0.0551645973829
sample5	0.0491409018272	-0.0219141103529	0.121510820525
sample4	0.0749555734111	0.071400139612	0.163688321773
sample7	-0.0174633158379	-0.126656487644	-0.0722026660246
sample6	0.0080967607021	0.266062632703	-0.072812141299
sample1	0.208098661149	-0.0738177646042	-0.220035154683

Biplot	0	0

Site constraints	0	0
