Eigvals	3
215.34021089	145.783900628	105.15200785

Proportion explained	3
0.204952473754	0.158810029925	0.119438893864

Species	0	0

Site	15	3
MCT.f.0053	0.0464546190342	-0.029366982338	0.0349153099934
MCT.f.0052	-0.00739927286029	-0.0242053972067	0.0591282151464
MCT.f.0068	0.0655513945074	0.132050365287	-0.0360810435998
MCT.f.0058	-0.0455422801856	-0.0303287609506	0.0466841409051
MCT.f.0057	-0.0170716606368	-0.0213109500408	0.0136958417438
MCT.f.0056	0.032153217174	-0.0139404407581	0.05994130273
MCT.f.0055	0.0274170566812	-0.0243773486951	-0.00383736308
MCT.f.0054	0.0253296645113	-0.0185231757934	0.0394257126862
MCT.f.0063	-0.0441847247311	0.0157206903588	-0.0758275271967
MCT.f.0059	-0.0339704321306	0.049429760168	0.0645501393107
MCT.f.0061	-0.0358173795348	0.0328278922245	-0.0359838173735
MCT.f.0066	-0.00249316200201	0.00110502384827	-0.0743131414712
MCT.f.0067	0.0292233727302	-0.0133042705225	-0.0461627659252
MCT.f.0065	0.0129247567754	-0.0673463969451	-0.0440953193047
MCT.f.0060	-0.0525751693326	0.0115699913639	-0.00203968456444

Biplot	0	0

Site constraints	0	0
