Eigvals	3
215.34021089	145.783900628	105.15200785

Proportion explained	3
0.204952473754	0.158810029925	0.119438893864

Species	0	0

Site	15	3
MCT.f.0053	0.151175801555	0.154172468659	-0.0270845207192
MCT.f.0052	-0.174970695003	0.122132645103	-0.167645454827
MCT.f.0068	0.209783719502	-0.0112688366137	0.0306046426781
MCT.f.0058	0.0573080727624	-0.195127327525	0.0509332445268
MCT.f.0057	0.0154507486752	0.195548054432	-0.0587733957423
MCT.f.0056	0.104287393319	-0.140122773791	-0.0083358927555
MCT.f.0055	-0.0426407708326	0.149829483835	0.169696757489
MCT.f.0054	0.225852474557	0.0644844732845	0.149071893328
MCT.f.0063	-0.280688763094	0.148999310106	-0.0796437355532
MCT.f.0059	-0.25895834009	0.00594666164315	0.277137025891
MCT.f.0061	-0.153041540512	-0.134422028342	-0.138657732894
MCT.f.0066	0.114463505785	0.169100645969	0.02256715082
MCT.f.0067	0.026400101349	-0.136772437478	-0.227874837057
MCT.f.0065	-0.0978293979205	-0.311364776232	0.14130647658
MCT.f.0060	0.103407689946	-0.0811355630482	-0.133301621764

Biplot	0	0

Site constraints	0	0
