Eigvals	3
106.018566169	83.2715917574	59.6903482329

Proportion explained	3
0.240856628305	0.196203906732	0.141947909436

Species	0	0

Site	11	3
sample11	-0.155632536907	-0.0782402298394	-0.0616222864429
sample10	-0.190902436246	-0.18854631874	0.0756578584931
sample13	0.413749108429	-0.187405462037	-0.150403011556
sample12	-0.0376208673563	-0.144506473762	-0.16226693442
sample14	0.255498867682	-0.0836846714827	0.392872635249
sample5	0.0261966233179	0.0714122206712	-0.114103503233
sample6	0.131280360348	0.137672705651	-0.140222141521
sample1	-0.00728520764087	0.346404835738	0.0384976944056
sample2	-0.0257766296174	0.270676157048	0.0432497784903
sample9	-0.239579646233	-0.1498398878	0.0473243314186
sample8	-0.169927635776	0.0060571245522	0.0310155791171

Biplot	0	0

Site constraints	0	0
