Eigvals	3
106.018566169	83.2715917574	59.6903482329

Proportion explained	3
0.240856628305	0.196203906732	0.141947909436

Species	0	0

Site	11	3
sample11	-0.0301437900485	-0.169485797288	-0.172145190128
sample10	-0.218835375914	-0.0651360786515	0.0746582660256
sample13	0.17091645653	-0.0830972133449	0.0669342798956
sample12	0.0447502639312	-0.0426849143055	-0.238361649509
sample14	0.205992952219	-0.0692108170295	0.175758840335
sample5	-0.00519556483027	-0.0173875626376	-0.0813460378998
sample6	-0.0968029411767	0.109378210482	-0.081547016986
sample1	0.0339326988969	0.225077676468	-0.00187737567754
sample2	0.0637420126974	0.312050437351	0.0712113920357
sample9	-0.164814251637	-0.0199902589596	0.0594059649538
sample8	-0.00354246066789	-0.179513682084	0.127308526955

Biplot	0	0

Site constraints	0	0
