Eigvals	3
146.400147823	62.666862095	55.6406873406

Proportion explained	3
0.453004683724	0.24012213187	0.14895944827

Species	0	0

Site	9	3
MCT.f.0586	-0.0827796038756	-0.0510682326461	-0.110616334535
MCT.f.0590	0.000649795009152	-0.110409194287	-0.16836822528
MCT.f.0585	-0.188154591494	0.120089070414	0.0772099132197
MCT.f.0587	-0.0502570381671	-0.143126633836	-0.0291672946669
MCT.f.0595	0.2874506898	0.0504496686323	0.0321555878995
MCT.f.0592	0.157996442002	-0.168892771925	0.15593124891
MCT.f.0593	0.14658154638	-0.0917946040403	-0.0206764807694
MCT.f.0583	-0.019736424943	0.229273501494	-0.135180216215
MCT.f.0582	-0.251750814712	0.165479196193	0.198711801437

Biplot	0	0

Site constraints	0	0
