Eigvals	3
146.400147823	62.666862095	55.6406873406

Proportion explained	3
0.453004683724	0.24012213187	0.14895944827

Species	0	0

Site	9	3
MCT.f.0586	-0.329272841642	-0.147021385433	0.044623449256
MCT.f.0590	0.118050092192	-0.0782474774177	-0.309460362976
MCT.f.0585	-0.276497355296	-0.0663681700188	0.0433444321799
MCT.f.0587	-0.238181913891	-0.203195870782	0.0282635463904
MCT.f.0595	0.290685894322	0.00447903406652	0.177012716424
MCT.f.0592	0.278984449929	-0.125175999586	-0.0617016663727
MCT.f.0593	0.309556657755	-0.0649517771874	0.109001150662
MCT.f.0583	-0.0692211268352	0.338400210432	-0.0440744394664
MCT.f.0582	-0.0841038565343	0.342081435926	0.0129911739027

Biplot	0	0

Site constraints	0	0
