Eigvals	3
337.937038918	180.694308429	58.4008670464

Proportion explained	3
0.3239510152	0.201607799612	0.114201447678

Species	0	0

Site	14	3
MCT.f.0620	0.0939198558471	0.0886048544844	-0.0508898362561
MCT.f.0621	0.00577051203862	-0.0196897871287	-0.038760214833
MCT.f.0622	0.0497672761604	-0.0466108239886	-0.00909910798563
MCT.f.0623	0.0737674187573	0.0559525539178	-0.0473625280231
MCT.f.0619	-0.152192113491	-0.101663782299	0.00298219063505
MCT.f.0618	0.0511197428772	0.00052378391207	-0.0213920375986
MCT.f.0627	0.0292230623754	-0.128043479155	0.267740612866
MCT.f.0615	0.0250650433666	0.0494036700526	-0.0113810560956
MCT.f.0614	-0.0014941293919	0.0760401885192	-0.00300370197364
MCT.f.0617	-0.108941221185	-0.124266314988	-0.0101522705147
MCT.f.0616	-0.107372938804	0.0373167051498	0.00872840685461
MCT.f.0628	-0.0149813057171	0.0548235197512	-0.0179221633109
MCT.f.0624	0.0610299610113	0.0912452833145	-0.0243527345639
MCT.f.0625	-0.00468116384534	-0.0336363715418	-0.0451355592

Biplot	0	0

Site constraints	0	0
