Eigvals	3
337.937038918	180.694308429	58.4008670464

Proportion explained	3
0.3239510152	0.201607799612	0.114201447678

Species	0	0

Site	14	3
MCT.f.0620	-0.0504005444699	-0.13168359071	0.0581067000154
MCT.f.0621	0.101308261745	-0.0290457933806	-0.0242780815105
MCT.f.0622	0.18923992004	0.00663398340627	-0.12989238399
MCT.f.0623	0.221531405794	0.0687008517962	-0.0411260040364
MCT.f.0619	-0.131352835824	-0.270358702203	0.086807837177
MCT.f.0618	-0.257245789741	-0.179261826085	-0.0644846566823
MCT.f.0627	0.0936580225757	-0.0180592411356	0.260065683309
MCT.f.0615	-0.11272729888	0.297659157573	0.0100333434992
MCT.f.0614	-0.183282800899	0.257561344141	0.0256274477231
MCT.f.0617	-0.256247302746	-0.0593632340645	-0.148500768255
MCT.f.0616	-0.112526752356	0.146144103475	-0.0727408871814
MCT.f.0628	0.0804929280055	-0.00184822305375	0.308985697138
MCT.f.0624	0.210866217792	0.00876329950321	-0.0545350705215
MCT.f.0625	0.206686568964	-0.0958421292632	-0.214068856685

Biplot	0	0

Site constraints	0	0
