Eigvals	3
114.083830986	82.2066817931	43.6183674701

Proportion explained	3
0.265726839744	0.220549966518	0.14665604666

Species	0	0

Site	15	3
MCT.f.0377	-0.00138968939774	0.10965325436	0.0933741744628
MCT.f.0389	-0.00570753407699	-0.138931641728	0.101311642784
MCT.f.0388	-0.0876334235766	-0.0998980225461	-0.00347660918013
MCT.f.0383	0.0125355171613	-0.0777227762823	0.0460041782825
MCT.f.0382	0.144516388454	0.102662976534	-0.0246152079565
MCT.f.0381	-0.0852975724509	0.0181665355138	-0.0534196938784
MCT.f.0380	-0.0814368685923	0.201924370752	-0.0672907317482
MCT.f.0387	0.0119002727717	0.0476639565414	-0.139008737151
MCT.f.0386	0.0530470178431	-0.0650559223065	-0.0396223410266
MCT.f.0378	-0.0846725194195	-0.0559260127553	0.0424103149693
MCT.f.0379	-0.104419433504	0.0545078917043	-0.0188238513714
MCT.f.0390	-0.0652223430626	-0.132577907291	-0.0350819371855
MCT.f.0385	0.144308010788	0.0662152396802	0.0549457473756
MCT.f.0384	0.0730330188089	0.00479273099967	0.099518850287
MCT.f.0391	0.0764391582541	-0.0354746731771	-0.0562257986636

Biplot	0	0

Site constraints	0	0
