Eigvals	3
114.083830986	82.2066817931	43.6183674701

Proportion explained	3
0.265726839744	0.220549966518	0.14665604666

Species	0	0

Site	15	3
MCT.f.0377	-0.18249709416	0.110982608736	0.221848746349
MCT.f.0389	-0.0893730399901	-0.216864966093	-0.128771013513
MCT.f.0388	-0.048158511676	-0.247777276975	-0.0514384857738
MCT.f.0383	0.239331447978	0.16489513904	-0.0927149560656
MCT.f.0382	0.108616207429	0.148036048715	-0.167705606378
MCT.f.0381	-0.00907452394812	0.149886248737	-0.178258189572
MCT.f.0380	-0.108333237909	0.142490926594	-0.110722491593
MCT.f.0387	0.00200800135721	-0.160647410428	0.0907761398363
MCT.f.0386	0.110553475261	-0.150792400012	0.183064624928
MCT.f.0378	-0.209983884082	0.149827794892	0.188201551266
MCT.f.0379	-0.206128332059	0.148390783907	0.00706849980211
MCT.f.0390	-0.0826032866145	-0.198152808995	-0.119705637733
MCT.f.0385	0.252424812067	-0.0221477031607	0.146755962075
MCT.f.0384	0.274452181386	0.0538201371605	0.0844694423837
MCT.f.0391	-0.0512342150406	-0.0719471221172	-0.072868586011

Biplot	0	0

Site constraints	0	0
