Eigvals	3
156.655293558	112.003357648	72.2625132441

Proportion explained	3
0.328213167067	0.230562135848	0.151212516182

Species	0	0

Site	13	3
MCT.f.0233	0.0317898228726	-0.151335731917	0.177296408362
MCT.f.0232	0.203609356434	-0.19491887314	-0.116056427035
MCT.f.0231	0.0674303403802	-0.166149446641	0.0354193691092
MCT.f.0230	-0.074324138255	-0.0801316173711	0.108536391594
MCT.f.0228	-0.215061706486	-0.0592781158424	-0.0798299822503
MCT.f.0229	0.0078438834798	-0.0425217864583	-0.105627015727
MCT.f.0235	0.106517151114	0.00370727243152	-0.112795006391
MCT.f.0234	0.0825879008055	0.0559485099812	0.185291002208
MCT.f.0225	-0.00648982045796	0.155241347668	0.0968707088472
MCT.f.0226	-0.0544190969851	0.140743656467	0.0359834627922
MCT.f.0227	-0.137482811202	0.0589028211576	0.00364812606838
MCT.f.0238	-0.0328276547389	0.199867515489	-0.0748181580539
MCT.f.0236	0.0208267730383	0.0799244481763	-0.153918879524

Biplot	0	0

Site constraints	0	0
