Eigvals	3
156.655293558	112.003357648	72.2625132441

Proportion explained	3
0.328213167067	0.230562135848	0.151212516182

Species	0	0

Site	13	3
MCT.f.0233	0.261173243087	-0.044345436307	0.0833294589784
MCT.f.0232	0.137881271627	-0.207198993028	0.154167839301
MCT.f.0231	-0.000796906518508	-0.261437753507	0.0371772543814
MCT.f.0230	-0.0979085767638	-0.248530107072	-0.0666679673162
MCT.f.0228	-0.250178596762	-0.00888554640491	-0.0791322822342
MCT.f.0229	-0.224113470577	-0.115099268168	-0.135286188582
MCT.f.0235	0.228711852475	0.10224887638	-0.0741390526531
MCT.f.0234	0.26844265252	0.0251595229741	0.0347700267818
MCT.f.0225	-0.0952655757028	0.171468375771	0.21877492106
MCT.f.0226	-0.189260101975	0.199169296623	0.173265298708
MCT.f.0227	-0.238624774239	0.0861279189712	0.0193262472542
MCT.f.0238	0.0341744215035	0.136143643508	-0.203927263138
MCT.f.0236	0.165764561327	0.165179470259	-0.161658292541

Biplot	0	0

Site constraints	0	0
