Eigvals	3
152.205305973	87.6192272262	62.4339619313

Proportion explained	3
0.259008063768	0.176172867661	0.140330726101

Species	0	0

Site	10	3
sample11	-0.226652325533	-0.256036530223	0.291504255354
sample10	0.126393768721	-0.100305392934	0.19894171129
sample13	-0.277694818327	-0.0581715924205	-0.0646165678431
sample12	-0.109120306157	-0.100999102405	-0.147974955276
sample5	0.297776857599	-0.00342930433468	0.0140761988978
sample7	-0.141083017689	0.0854586757964	-0.183607130174
sample6	0.209133444545	-0.238885348584	-0.294791849925
sample1	0.220985444127	0.101114016503	0.17800397393
sample3	-0.016488236405	0.235479700715	-0.00362231565147
sample8	-0.0832508108803	0.335774877887	0.0120866793975

Biplot	0	0

Site constraints	0	0
