Eigvals	3
152.205305973	87.6192272262	62.4339619313

Proportion explained	3
0.259008063768	0.176172867661	0.140330726101

Species	0	0

Site	10	3
sample11	-0.125731769178	-0.118044671727	0.099857440251
sample10	-0.049260718478	-0.094680489081	0.126844482323
sample13	-0.136094055503	-0.0457658247877	0.00522103230942
sample12	0.00271090946783	-0.0988264603494	0.0642975656696
sample5	0.0678654470095	0.0404558191729	0.0308834890194
sample7	0.134672975597	0.0418521595519	-0.0108519442383
sample6	0.0440172924509	-0.105543767185	-0.278812799872
sample1	0.0703533069798	0.164946418019	0.0269709303372
sample3	-0.0820279030491	0.257043338477	-0.146364386039
sample8	0.0734945147031	-0.0414365220906	0.08195419024

Biplot	0	0

Site constraints	0	0
