Eigvals	3
424.78434372	87.8985587567	44.6717936996

Proportion explained	3
0.453527361028	0.155829681358	0.100410835131

Species	0	0

Site	9	3
sample11	0.00405272600421	-0.0413226904433	0.0377576985542
sample12	0.00987506549634	0.0192267886693	0.0946910976006
sample14	-0.0677833400577	-0.133438918803	0.0038156133516
sample7	0.0923574429312	0.0154977414671	0.0382772954638
sample6	0.0644024464733	0.00947831150954	-0.0164134170996
sample1	-0.0372317449871	0.0415284739674	0.0769093970644
sample3	0.0410371191904	0.0100599625731	0.0414286496462
sample2	-0.171436381869	0.084935828965	-0.29897404751
sample9	0.0647266668187	-0.00596549790459	0.0225077129286

Biplot	0	0

Site constraints	0	0
