Eigvals	3
424.78434372	87.8985587567	44.6717936996

Proportion explained	3
0.453527361028	0.155829681358	0.100410835131

Species	0	0

Site	9	3
sample11	-0.131879061134	0.000353680767916	0.0508221270363
sample12	-0.266929075459	-0.0856559756439	0.113917320493
sample14	-0.0368120532114	-0.382697226693	0.0148622614388
sample7	0.405374267626	-0.00393125387421	-0.179509914618
sample6	0.185330753268	-0.170351141968	-0.0948947817004
sample1	-0.216214657062	0.215560848848	-0.251067080264
sample3	0.315224900124	0.226762323707	0.242013983231
sample2	-0.163871279629	0.143562844798	-0.0924678554202
sample9	-0.0902237945232	0.0563959000584	0.196323939803

Biplot	0	0

Site constraints	0	0
