Eigvals	3
200.632624913	70.4320145966	44.5112944733

Proportion explained	3
0.286942927903	0.140710382824	0.105209061712

Species	0	0

Site	14	3
sample11	0.110552515534	-0.0564815947321	-0.183825387834
sample13	0.235121744585	0.156210396517	-0.0641440738296
sample12	0.214770164213	0.142210347328	-0.0416173110829
sample15	-0.143489943171	0.08925945328	0.143316363876
sample14	0.107115617414	0.142347441655	0.056875072249
sample16	-0.132494297138	0.0962586164084	0.140732477634
sample5	-0.318936599564	0.150979507386	-0.0901720095664
sample4	-0.227695533374	0.0872764994749	0.0303206300389
sample6	-0.0363506277559	-0.401848993825	0.0748540945998
sample1	-0.0822831499295	-0.148918815697	0.145730108963
sample3	-0.075797153616	-0.137801809794	-0.343017653861
sample2	-0.00588679130337	-0.00679627398264	-0.114480017076
sample9	0.177013820221	-0.0495833517396	0.0970724550275
sample8	0.178360233884	-0.0631114222789	0.148355250862

Biplot	0	0

Site constraints	0	0
