Eigvals	3
200.632624913	70.4320145966	44.5112944733

Proportion explained	3
0.286942927903	0.140710382824	0.105209061712

Species	0	0

Site	14	3
sample11	0.00717589051359	0.014646438384	-0.135457024762
sample13	0.100772830928	0.0235735044089	0.0485466588786
sample12	-0.0353830813005	0.0314006435907	0.0657447250391
sample15	0.00604986788601	0.0512734324168	0.0848723092764
sample14	0.142282560552	0.00869577386825	-0.0438024391421
sample16	-0.0895165825353	0.110450466945	0.0747540560732
sample5	-0.111986314136	0.00460602307004	-0.0624768704419
sample4	-0.22394362985	0.0390101466752	0.0237605682422
sample6	-0.130692049226	0.00963561063855	-0.0717518327604
sample1	0.0447652510722	-0.132613209776	0.0586392622739
sample3	0.0999769946367	-0.097432738773	0.00469681939732
sample2	-0.0777220412216	-0.0792338739329	-0.0510800055835
sample9	0.152474592222	-0.0058011151806	-0.0101932914536
sample8	0.115745710459	0.0217888976657	0.0137470649625

Biplot	0	0

Site constraints	0	0
