Eigvals	3
179.84764769	129.026316432	101.547787155

Proportion explained	3
0.214977415765	0.166288677986	0.141143655967

Species	0	0

Site	13	3
sample11	-0.0375216861173	0.136069565144	-0.102563607078
sample10	0.316982021806	-0.17215382508	0.0629946984969
sample13	0.294332308573	0.218344658793	-0.000819520147611
sample12	-0.0198142323274	0.10752541043	0.0803610174184
sample14	0.216411936125	-0.192997877982	-0.229608654083
sample5	0.00889884109098	0.0870011049676	0.15825559679
sample4	-0.220186543768	0.091511681391	-0.0323801972474
sample6	-0.10321388576	-0.0704830176818	-0.333992307557
sample1	-0.0755136533893	0.190749643133	-0.0579442930921
sample3	-0.197755812339	-0.189707962923	0.128742919318
sample2	-0.183892350626	-0.201946776084	-0.00186764567672
sample9	-0.0288451704411	0.14793505334	0.075750634228
sample8	0.0301182271724	-0.151847657448	0.253071358632

Biplot	0	0

Site constraints	0	0
