Eigvals	3
179.84764769	129.026316432	101.547787155

Proportion explained	3
0.214977415765	0.166288677986	0.141143655967

Species	0	0

Site	13	3
sample11	-0.00744945636473	0.0650385330607	0.00594784749861
sample10	0.0307989201192	-0.0138144352247	0.0384338827631
sample13	-0.021676250358	-0.0195447381379	-0.0829627039703
sample12	-0.090234655165	0.0705561050615	0.0127944274415
sample14	0.04425574824	-0.0557078915422	-0.107638166753
sample5	0.0451087043239	-0.114531188157	0.0796707804468
sample4	-0.0411885221649	-0.0921534418393	0.0119263832769
sample6	0.0453903533961	0.00254135146053	-0.00345749181329
sample1	0.0574695331189	0.0537560271428	0.0148192093133
sample3	-0.101302230266	-0.0421258257611	0.0318809916748
sample2	0.0335049783237	0.0266726790007	-0.0347550642622
sample9	0.00187422391636	0.0867062676955	-0.0135144627638
sample8	0.00344865288042	0.0326065572407	0.0468543671476

Biplot	0	0

Site constraints	0	0
