Eigvals	3
110.040921163	105.10473185	52.3557222479

Proportion explained	3
0.205612375972	0.193898308084	0.12775081176

Species	0	0

Site	14	3
MCT.f.0308	-0.0483116596912	0.0276439518962	0.000119882191654
MCT.f.0318	-0.0107354664388	-0.0698546706633	-0.201400328494
MCT.f.0319	-0.0965031014543	-0.348428590133	-0.113906497051
MCT.f.0314	0.173816205125	0.129915909636	-0.163927900527
MCT.f.0315	-0.0139881701124	0.151316901485	-0.209533328068
MCT.f.0316	-0.145360257064	0.0781620872524	-0.1588819095
MCT.f.0322	-0.219587630732	0.139109188007	0.190129058968
MCT.f.0310	0.103153634125	-0.124057607752	0.178443312168
MCT.f.0311	0.174894311308	0.0339200222836	0.191364200087
MCT.f.0312	0.174898086372	0.111518119166	0.100276179925
MCT.f.0313	0.191056130107	0.10193929519	-0.0656476710535
MCT.f.0321	0.0527296923007	0.00493988990361	0.12620479155
MCT.f.0320	0.0407097943508	-0.318425464906	0.0366534738919
MCT.f.0323	-0.376771568196	0.0823009686356	0.0901067359108

Biplot	0	0

Site constraints	0	0
