Eigvals	3
110.040921163	105.10473185	52.3557222479

Proportion explained	3
0.205612375972	0.193898308084	0.12775081176

Species	0	0

Site	14	3
MCT.f.0308	-0.0256023893733	0.118694438186	0.0107823319333
MCT.f.0318	-0.133276085297	0.0287082708479	-0.0408406509425
MCT.f.0319	-0.0315098389393	-0.110076426946	0.0153460673073
MCT.f.0314	0.0399566159533	0.0510369607506	-0.137608894871
MCT.f.0315	0.00162735800115	0.108274700761	-0.128417578768
MCT.f.0316	0.0584720702629	-0.0189639578741	-0.105585160198
MCT.f.0322	-0.138183128541	0.0997740048353	-0.0415515015133
MCT.f.0310	0.100499949684	-0.0840643571127	0.102925948222
MCT.f.0311	-0.061464256277	-0.107589086893	0.14862904432
MCT.f.0312	0.23484918342	0.161715981638	0.13767896293
MCT.f.0313	0.0210140851394	-0.057263255353	-0.0154940139399
MCT.f.0321	0.00498244043689	-0.0612477471494	-0.0581837718572
MCT.f.0320	0.038359916882	-0.0600939637482	-0.011179071528
MCT.f.0323	-0.109725921352	-0.0689055619424	0.123498288905

Biplot	0	0

Site constraints	0	0
