Eigvals	3
130.069065326	86.9345517636	61.9720121663

Proportion explained	3
0.213382316216	0.160886430692	0.128249558307

Species	0	0

Site	16	3
MCT.f.0558	-0.0121189495714	0.147516740053	-0.0430456055021
MCT.f.0557	-0.0340989368098	0.0368652394109	-0.0266426429806
MCT.f.0549	-0.101386626715	-0.0303857366087	0.0885247612695
MCT.f.0548	-0.218304396559	0.0799294378566	0.140440974889
MCT.f.0561	-0.135830409258	0.0799275122134	-0.199125252747
MCT.f.0560	-0.145825340643	-0.0807778004914	-0.368475266407
MCT.f.0546	-0.100927063841	0.0815497359288	0.107338490797
MCT.f.0547	-0.194788600047	0.0925440556983	0.140001325664
MCT.f.0552	0.263987210476	0.0374821053956	-0.0617092571705
MCT.f.0553	0.256983020316	-0.0730971546978	-0.0766745521661
MCT.f.0559	-0.0276016735516	0.0770842421219	-0.0793415026341
MCT.f.0551	0.210695392403	0.19088435583	0.0471874943813
MCT.f.0556	-0.0387383607168	-0.343525053938	0.0127984300389
MCT.f.0550	0.107234520643	0.076262485053	0.126954626708
MCT.f.0554	0.183337293602	-0.0644843021998	0.0443545664159
MCT.f.0555	-0.0126170797265	-0.307775861626	0.147413409444

Biplot	0	0

Site constraints	0	0
