Eigvals	3
130.069065326	86.9345517636	61.9720121663

Proportion explained	3
0.213382316216	0.160886430692	0.128249558307

Species	0	0

Site	16	3
MCT.f.0558	-0.104393204944	0.0404178490728	-0.204305450672
MCT.f.0557	-0.0222453112102	0.0603876162622	-0.117313128191
MCT.f.0549	0.0725432212512	0.0916736080625	0.0274916379379
MCT.f.0548	-0.0114593832037	0.116420567235	0.11013178238
MCT.f.0561	-0.0357712570748	0.0170054600598	-0.0520174596923
MCT.f.0560	-0.0268525672007	-0.0150144559535	-0.115052973192
MCT.f.0546	-0.106962614956	0.0929588811827	0.0772751576454
MCT.f.0547	-0.13964323722	-0.0493330052502	0.130287794136
MCT.f.0552	0.112978599917	-0.0366282193363	-0.0951741564336
MCT.f.0553	0.134643702759	-0.0942981132792	-0.0356259009688
MCT.f.0559	-0.0828890973875	-0.048345551528	-0.0540948870321
MCT.f.0551	0.0725235121631	0.0128384055876	0.149355890951
MCT.f.0556	0.0398091089232	-0.0245327546931	-0.126144080356
MCT.f.0550	-0.016995041582	0.105084520233	0.0946971921052
MCT.f.0554	0.130085056285	-0.0359887203257	0.0462573729965
MCT.f.0555	-0.0153714865211	-0.232646087329	0.164231208387

Biplot	0	0

Site constraints	0	0
