Eigvals	3
110.633181205	62.3882380066	50.6277971417

Proportion explained	3
0.237028817351	0.164135173981	0.134556196481

Species	0	0

Site	12	3
MCT.f.0568	-0.118064275878	-0.204171139904	-0.106576912068
MCT.f.0562	-0.213603580335	0.156703893853	0.246024714129
MCT.f.0575	-0.139360502335	-0.203621982898	-0.111894000775
MCT.f.0578	0.308003140037	-0.102810312023	0.05148661427
MCT.f.0566	-0.0338438426628	0.338856073277	-0.105971330724
MCT.f.0565	0.266051348534	0.0155256934542	0.0181568649634
MCT.f.0564	-0.101695902335	0.0262566466042	0.177576258464
MCT.f.0574	-0.0742578000172	0.229933168469	-0.223804471917
MCT.f.0567	0.0553612793827	0.0213749949217	-0.160159538872
MCT.f.0577	0.282751136706	-0.00908061226031	0.0415871454683
MCT.f.0570	-0.061350379891	-0.0423346480627	0.259144247547
MCT.f.0573	-0.169990621207	-0.226631775432	-0.085569590486

Biplot	0	0

Site constraints	0	0
