Eigvals	3
186.795609454	76.5706785002	46.5010853054

Proportion explained	3
0.315837383606	0.178398951881	0.132428237838

Species	0	0

Site	11	3
MCT.f.0255	0.0686853951347	-0.104745080764	-0.147541147118
MCT.f.0247	-0.0145009797873	-0.124770011462	0.111739138171
MCT.f.0244	-0.0206350733436	0.176872729361	-0.0460608965395
MCT.f.0245	-0.0712688600272	0.037682048541	-0.050881256021
MCT.f.0242	-0.0953666239157	0.0437781380272	-0.120740189105
MCT.f.0243	-0.113842028563	0.0388363469026	0.0789462416395
MCT.f.0241	-0.0603081409759	0.29340262875	0.0877980032142
MCT.f.0252	0.0940141525533	-0.0837316015757	-0.00792572567383
MCT.f.0249	0.0371334522931	-0.17249704978	0.120461656077
MCT.f.0254	-0.00591814227334	-0.0639999155406	-0.0696730976784
MCT.f.0250	0.182006848905	-0.0408282324596	0.0438772730347

Biplot	0	0

Site constraints	0	0
