Eigvals	3
186.795609454	76.5706785002	46.5010853054

Proportion explained	3
0.315837383606	0.178398951881	0.132428237838

Species	0	0

Site	11	3
MCT.f.0255	-0.0942663436392	-0.223563091676	-0.224295231394
MCT.f.0247	0.0833492238204	-0.0820625144989	0.0806445238966
MCT.f.0244	0.136480670302	0.238287418321	-0.0227883418172
MCT.f.0245	0.28479297491	0.176285152888	-0.0887812256386
MCT.f.0242	-0.312416942801	0.124463480482	0.0386934990432
MCT.f.0243	-0.163081865973	0.216727770058	0.0593795836373
MCT.f.0241	-0.270915564871	0.0704483292612	0.0360008429402
MCT.f.0252	0.210800842896	0.0478913442692	-0.17385211779
MCT.f.0249	0.0733968855685	-0.22151486998	0.244461557093
MCT.f.0254	-0.0738730042708	-0.231160739543	-0.222468153711
MCT.f.0250	0.125733124057	-0.115802279582	0.273005063741

Biplot	0	0

Site constraints	0	0
