Eigvals	3
104.833271829	79.7746840996	36.8544138238

Proportion explained	3
0.382647288257	0.281883014753	0.108172582404

Species	0	0

Site	13	3
MCT.f.0389	0.121217172195	0.0280906751799	-0.155853386372
MCT.f.0388	0.114497624285	0.0959606514699	-0.00999689789337
MCT.f.0383	0.0736797132718	-0.0144814320567	-0.0633228264866
MCT.f.0382	-0.109263736578	-0.160232280715	0.0431159334391
MCT.f.0381	-0.00956267590839	0.0938156809405	0.0616893566526
MCT.f.0380	-0.217743853885	0.114631278054	0.0876122442886
MCT.f.0387	-0.0361526286887	-0.0129469659273	0.142600545636
MCT.f.0386	0.0768942767607	-0.0655353807332	0.0296502412672
MCT.f.0385	-0.113484141415	-0.126306912535	-0.0930715121408
MCT.f.0384	-0.0381286345547	-0.0567161976493	-0.129136532921
MCT.f.0390	0.143172744663	0.0749690653591	0.00130521571469
MCT.f.0391	0.0408935255995	-0.083714233109	0.0407496114169
MCT.f.0379	-0.0460193857457	0.112466051722	0.0446580073985

Biplot	0	0

Site constraints	0	0
