Eigvals	3
104.833271829	79.7746840996	36.8544138238

Proportion explained	3
0.382647288257	0.281883014753	0.108172582404

Species	0	0

Site	13	3
MCT.f.0389	0.254486363664	0.122164770387	0.00036956432945
MCT.f.0388	0.245158321553	-0.0168285177878	0.062583680574
MCT.f.0383	-0.210965745819	-0.0910592913514	-0.113616345699
MCT.f.0382	-0.237138342146	0.0206712900133	-0.0574455122171
MCT.f.0381	-0.220491155683	0.104237181244	-0.0366183705103
MCT.f.0380	-0.21992342647	0.161267073359	0.0739453334056
MCT.f.0387	0.166635580729	-0.161298611199	0.115934966555
MCT.f.0386	0.10218215502	-0.222503332982	0.0978321787914
MCT.f.0385	-0.0561910511172	-0.266222188343	-0.0165524840875
MCT.f.0384	-0.0963686006188	-0.219437521201	-0.0773526350874
MCT.f.0390	0.256990980034	0.142484303349	-0.0649506481906
MCT.f.0391	0.1952372864	0.188548802349	-0.168062574904
MCT.f.0379	-0.179612365547	0.237976042164	0.183932847041

Biplot	0	0

Site constraints	0	0
