Eigvals	3
102.467417642	61.7156825936	56.0156589456

Proportion explained	3
0.335300617968	0.177502434812	0.144422612943

Species	0	0

Site	13	3
MCT.f.0365	-0.203404007398	-0.0574361354	-0.152605500515
MCT.f.0364	-0.235990487926	-0.0256031746641	-0.0807040117666
MCT.f.0374	0.158485345559	0.27120155465	-0.233553847545
MCT.f.0366	-0.119930624257	-0.11441031837	-0.148305466225
MCT.f.0361	-0.156911108521	0.0986371689791	0.195770816948
MCT.f.0360	-0.0968066117519	0.104369383499	0.140843016903
MCT.f.0363	-0.214017011404	0.074224464424	0.0289500900626
MCT.f.0362	-0.19763916891	0.0782038263586	0.110638780458
MCT.f.0371	0.315668015574	0.0206512797489	0.0663091446313
MCT.f.0369	0.122470041435	-0.215049888042	0.0197043298261
MCT.f.0368	0.0478449174717	-0.22465680699	-0.0329313929626
MCT.f.0372	0.345516897986	0.139342746223	-0.00333357901231
MCT.f.0370	0.234713802142	-0.149474100417	0.0892176191972

Biplot	0	0

Site constraints	0	0
