Eigvals	3
102.467417642	61.7156825936	56.0156589456

Proportion explained	3
0.335300617968	0.177502434812	0.144422612943

Species	0	0

Site	13	3
MCT.f.0365	-0.0410340257878	0.0857805199555	-0.174940615134
MCT.f.0364	-0.0752211601781	0.0390752551247	-0.117788594902
MCT.f.0374	0.0531243786742	-0.104049274583	-0.060579724707
MCT.f.0366	-0.0534822077957	0.0037126102788	-0.11278061147
MCT.f.0361	-0.015446486226	0.0897644614203	0.224449638507
MCT.f.0360	-0.143252141589	0.017585971249	0.0457533980125
MCT.f.0363	-0.167068398063	0.0586170413978	0.164953241324
MCT.f.0362	-0.16339286104	0.0119055353085	-0.0266032570261
MCT.f.0371	0.207387196825	0.0520422315495	0.014575319508
MCT.f.0369	0.130504943272	-0.204749682058	0.0411450686238
MCT.f.0368	-0.0935446414568	-0.181566640465	0.0142588011049
MCT.f.0372	0.104141951206	0.154453481023	-0.0113795743751
MCT.f.0370	0.257283452159	-0.0225715102005	-0.00106308946614

Biplot	0	0

Site constraints	0	0
