Eigvals	3
103.611694234	56.1371518881	46.1917120103

Proportion explained	3
0.327670506872	0.206186821966	0.16422505207

Species	0	0

Site	8	3
sample11	-0.17202983915	0.249087875108	-0.215156384329
sample10	0.227171341431	0.250066117819	0.0726912357018
sample13	-0.378504022615	0.120581035151	0.319304404212
sample5	0.205769071816	0.047704799027	-0.0382027255429
sample4	0.235984934554	0.0499044434424	-0.0321564205889
sample1	-0.109469979246	-0.278324215332	0.0411929634187
sample3	-0.221124033098	-0.167963967675	-0.273758156084
sample8	0.212202526309	-0.271056087539	0.126085083213

Biplot	0	0

Site constraints	0	0
