Eigvals	3
103.611694234	56.1371518881	46.1917120103

Proportion explained	3
0.327670506872	0.206186821966	0.16422505207

Species	0	0

Site	8	3
sample11	0.0240323354667	0.123029571215	0.112076215739
sample10	0.011016043291	0.321651849423	0.00659016613733
sample13	-0.215904768071	0.161991112193	0.196092947819
sample5	0.179495812846	0.0172873315367	-0.0412089018062
sample4	0.113976163147	-0.114112008196	-0.0693422778485
sample1	-0.158665650213	-0.303261325834	0.06624786654
sample3	-0.137052852614	-0.133681019584	-0.350152953533
sample8	0.183102916147	-0.0729055107542	0.0796969369522

Biplot	0	0

Site constraints	0	0
