Eigvals	3
189.667534242	148.135591989	103.596451074

Proportion explained	3
0.245847139943	0.191080496668	0.147823974832

Species	0	0

Site	15	3
MCT.f.0398	0.0802770843168	-0.12883417327	-0.0270035335519
MCT.f.0394	-0.0699551469617	0.0801722701077	-0.00946811455578
MCT.f.0395	-0.101612090189	0.0538306223892	0.0130597486823
MCT.f.0396	-0.0292994403684	0.0664559031879	-0.0410291380757
MCT.f.0397	0.104539661358	-0.093533244246	0.0741585573014
MCT.f.0408	0.0648403952004	0.0242004917724	-0.15970719632
MCT.f.0393	-0.0259543433968	0.0467266931608	-0.080460456653
MCT.f.0404	-0.0389610037642	-0.0622566843808	0.0113002166476
MCT.f.0405	-0.00377175360071	0.0510203579034	0.0745661203011
MCT.f.0406	0.0782827434339	0.0421589695785	0.148923547578
MCT.f.0407	0.099694837587	0.039325677102	-0.0641049513145
MCT.f.0400	-0.0479832263676	0.00440876815806	-0.0294386921991
MCT.f.0399	-0.0562922143639	-0.202079249038	-0.0539537939038
MCT.f.0402	-0.0469994462508	-0.0130992613274	0.0718668347925
MCT.f.0403	-0.00680605663348	0.0915028589029	0.0712908512706

Biplot	0	0

Site constraints	0	0
