Eigvals	3
189.667534242	148.135591989	103.596451074

Proportion explained	3
0.245847139943	0.191080496668	0.147823974832

Species	0	0

Site	15	3
MCT.f.0398	0.0225479206375	-0.165898241867	0.135211562144
MCT.f.0394	-0.22329112719	0.0283622037057	0.100250000816
MCT.f.0395	-0.266574354022	0.00989397787829	0.0390733300201
MCT.f.0396	-0.174167646977	0.046405927586	0.0151691450058
MCT.f.0397	-0.0617706356529	-0.0328781117066	0.186411762022
MCT.f.0408	0.135491891645	0.0813826607239	-0.124695346465
MCT.f.0393	-0.205917505576	0.0758679458103	0.115553571902
MCT.f.0404	0.0386743363122	0.221632046323	-0.0981485794343
MCT.f.0405	0.235600050179	-0.0446950069847	0.144272694999
MCT.f.0406	0.265549279375	-0.0649059017708	0.142265196479
MCT.f.0407	0.223263508488	-0.00998584832649	0.00738905813502
MCT.f.0400	-0.101343650993	-0.200388174948	-0.265795488241
MCT.f.0399	-0.00884758779634	-0.321200341459	-0.169257992428
MCT.f.0402	0.0717065372061	0.139600022436	-0.100909114194
MCT.f.0403	0.0490789843644	0.236806842599	-0.126789800761

Biplot	0	0

Site constraints	0	0
