Eigvals	3
211.447017012	183.049878014	118.75811013

Proportion explained	3
0.195951736156	0.159280187352	0.116972319356

Species	0	0

Site	17	3
MCT.f.0608	-0.0671531722909	0.0874432379855	-0.0110263590524
MCT.f.0609	0.202699092766	-0.193333809169	-0.0306014038653
MCT.f.0606	0.114050318839	-0.0400636697988	-0.140816645512
MCT.f.0607	0.216102693223	-0.0787549470963	-0.0863933273815
MCT.f.0604	0.107499425016	0.139862299704	-0.00551614021356
MCT.f.0605	0.134535277459	0.10860099395	0.0439127223292
MCT.f.0602	0.14119604932	0.113339043813	0.185338350619
MCT.f.0603	0.022825052591	0.284911105823	0.0468614193454
MCT.f.0600	-0.171609176098	0.095596287747	0.0145215777868
MCT.f.0601	-0.121204909945	-0.162386132879	0.250887610552
MCT.f.0610	0.220070543285	-0.139638259138	-0.137887056366
MCT.f.0611	-0.0858919781464	-0.099458373242	0.0814123170726
MCT.f.0598	0.0610586444753	-0.0494966195376	0.17742455841
MCT.f.0599	-0.21317367468	-0.129402064539	0.0495598698375
MCT.f.0596	-0.140007423557	0.138011976259	-0.0705690400158
MCT.f.0597	-0.150644915238	0.0654006511684	-0.263307563879
MCT.f.0612	-0.270351847019	-0.140631721052	-0.103800889667

Biplot	0	0

Site constraints	0	0
