Eigvals	3
99.8119155834	52.9312240219	46.4319379926

Proportion explained	3
0.247565317202	0.165767465876	0.145597588437

Species	0	0

Site	11	3
sample11	0.0570900541342	-0.0377374525758	-0.0420618047997
sample13	0.0408162143109	-0.0178660154791	-0.0489474681575
sample12	0.0379783125912	-0.105110042038	0.0499831263314
sample15	-0.0767146601893	-0.215471587932	0.025227218341
sample16	-0.0145129454315	0.00176689993205	0.00596356239131
sample5	0.0109875747983	0.0288611399023	0.0968150794445
sample4	0.0328991167305	0.0640892424823	0.00824234837347
sample6	0.0428731629286	0.0880170553726	-0.171693270471
sample3	0.0891657469145	0.077747287873	0.0541407676716
sample2	-0.0987025356598	0.0506326164562	0.0639298874676
sample8	-0.121880041128	0.065070856007	-0.0415994465926

Biplot	0	0

Site constraints	0	0
