Eigvals	3
99.8119155834	52.9312240219	46.4319379926

Proportion explained	3
0.247565317202	0.165767465876	0.145597588437

Species	0	0

Site	11	3
sample11	0.0772997392544	0.0976009362101	-0.304105201022
sample13	0.322856786707	0.185286330711	0.0114323887396
sample12	0.141485660729	-0.352457228761	-0.0420672211272
sample15	-0.153942724984	-0.192398059488	0.15512466282
sample16	-0.308314938711	0.0254108138839	0.116907208266
sample5	0.1364420555	0.206734471691	0.347768134624
sample4	-0.200518560208	0.169056557154	-0.202975033074
sample6	0.0748830155411	0.0534716861556	-0.0246657970887
sample3	0.0749986247543	-0.212832791814	-0.00532129344443
sample2	-0.210857839284	0.0879092503638	-0.00844975295568
sample8	0.0456681807016	-0.0677819661076	-0.0436480957365

Biplot	0	0

Site constraints	0	0
