Eigvals	3
351.192294725	151.695832538	104.167676025

Proportion explained	3
0.261573253843	0.13899630441	0.105000545976

Species	0	0

Site	17	3
MCT.f.0303	0.116813419436	-0.0957614233231	-0.0332367441277
MCT.f.0302	-0.0468559546935	-0.0450693079683	-0.0566523032478
MCT.f.0301	0.159379963034	-0.0211635757978	-0.0161309863282
MCT.f.0300	0.124380092612	-0.132051816426	0.0331788200674
MCT.f.0306	0.047357691326	0.0765550738553	-0.0979366649366
MCT.f.0305	-0.00657616873509	-0.0212189244811	-0.0958010430073
MCT.f.0304	0.0871388501416	-0.0273950939849	-0.0710241177529
MCT.f.0291	-0.112005856768	0.0411843051947	0.0555435563971
MCT.f.0290	-0.113438710269	0.071608200788	0.070847209654
MCT.f.0293	-0.0649045935488	-0.0050778572406	0.0229234465455
MCT.f.0292	-0.108567858711	-0.0534394045501	-0.00282223589872
MCT.f.0295	-0.0861286075156	-0.034633002553	0.0420274732013
MCT.f.0294	-0.00353360178701	0.103827531275	0.0171536931362
MCT.f.0297	0.00961376943396	-0.0636189889166	0.0194687963794
MCT.f.0296	0.0200923422708	0.10888658337	0.117223515559
MCT.f.0299	-0.0152172898493	0.0838839730181	0.0112822543642
MCT.f.0298	-0.00754748637752	0.0134837277413	-0.0160446700052

Biplot	0	0

Site constraints	0	0
