Eigvals	3
174.112957384	126.634714447	90.9534599244

Proportion explained	3
0.22615809621	0.178395010148	0.134419284554

Species	0	0

Site	12	3
sample11	-0.0162136691631	0.190952311118	0.0803378585804
sample10	0.260035114574	-0.262124908911	0.264321256162
sample13	0.336558288166	0.148381674502	-0.0126856285941
sample12	-0.0331510519527	0.122118653679	0.0485739022628
sample5	0.0545683844183	-0.00695473172091	-0.0993190028723
sample4	-0.184459913861	0.141032776278	-0.15529485395
sample7	0.134497918532	-0.134262343848	-0.0867833144731
sample1	-0.0205142142434	0.219275816986	0.085878652027
sample3	-0.277991060008	-0.147465685549	0.0793723802339
sample2	-0.26571333685	-0.112165847943	0.187127119704
sample9	0.0185580896174	0.102663139767	-0.0797781663868
sample8	-0.00617454922855	-0.261450854358	-0.311750202694

Biplot	0	0

Site constraints	0	0
