Eigvals	3
174.112957384	126.634714447	90.9534599244

Proportion explained	3
0.22615809621	0.178395010148	0.134419284554

Species	0	0

Site	12	3
sample11	0.0136550694684	-0.162939703812	0.113811972407
sample10	0.071675696339	-0.099173686839	0.00151541826764
sample13	0.0905000487014	0.203637458454	0.0195840105906
sample12	0.0595078565781	0.0931462915263	0.0976539594119
sample5	0.0452390988501	0.0236484742995	-0.0673445860418
sample4	-0.180964832964	0.0882074482929	-0.157546119015
sample7	-0.0019155870136	-0.0929698179717	-0.054343436156
sample1	0.0961172462324	0.0198109088114	-0.0125219879702
sample3	-0.143258865234	0.0791385673748	0.0361423083025
sample2	-0.156080799826	-0.0359245967479	0.126084604482
sample9	-0.0238038084398	-0.0116570389593	-0.101270860273
sample8	0.129328877308	-0.104924304428	-0.00176528400583

Biplot	0	0

Site constraints	0	0
