Eigvals	3
189.598735236	148.100039314	103.581356222

Proportion explained	3
0.201763735243	0.161009897382	0.12575138702

Species	0	0

Site	15	3
sample11	-0.0221703010652	0.061806932285	0.012641311271
sample10	0.0151023176044	0.0348163215942	-0.0325364972051
sample13	-0.00255057705598	0.0517681176205	0.00466388414975
sample12	0.0217629498665	-0.00971886241819	-0.0355041552543
sample15	-0.0122824984421	-0.0266644936131	0.0655965200389
sample14	0.0414645230212	0.0813161774352	0.0403921421502
sample16	-0.0406152462132	-0.076398354754	0.0504701353784
sample5	0.0868290761748	0.00408294277559	0.0279642095135
sample4	-0.0479200150679	0.000209205462276	0.00283851771816
sample7	0.0614772424648	-0.0807923645023	-0.0723238403367
sample6	0.0683660822223	-0.054771708816	0.0141032218026
sample1	-0.0494784552742	-0.02518974837	0.00275071293809
sample3	-0.0439383399957	0.0278344979217	-0.0415964026729
sample2	-0.054606831468	0.0222184763471	-0.0174217216833
sample8	-0.0214399267718	-0.0105171389681	-0.0220380378084

Biplot	0	0

Site constraints	0	0
