Eigvals	3
189.598735236	148.100039314	103.581356222

Proportion explained	3
0.201763735243	0.161009897382	0.12575138702

Species	0	0

Site	15	3
sample11	-0.0480147385518	0.0237731687628	0.154222156087
sample10	0.238161090207	0.0724896079194	-0.139374854911
sample13	0.115764099382	0.323948734255	0.0698813835363
sample12	-0.0764716756992	0.0888599339556	-0.0129890841245
sample15	0.222978722757	-0.157482707897	0.0679207886683
sample14	0.261438695175	-0.135986556395	0.145855912199
sample16	0.0114818987388	0.0701813648968	-0.00385080651108
sample5	-0.105807790437	0.178915443188	-0.132895894281
sample4	-0.243264978486	-0.0100556692776	0.0554554003226
sample7	0.180171616961	-0.037491121542	-0.0526966086448
sample6	-0.0896732111446	-0.134004922357	0.255844041585
sample1	-0.179714311141	0.149643567454	0.111653394241
sample3	-0.163153799101	-0.185832738695	-0.171994215797
sample2	-0.150577191093	-0.211093440971	-0.0643791804437
sample8	0.0266815724346	-0.0358646632962	-0.282652431925

Biplot	0	0

Site constraints	0	0
