Eigvals	3
177.964780743	141.205275941	92.1489991643

Proportion explained	3
0.223006652802	0.18103724613	0.12583766304

Species	0	0

Site	12	3
sample11	-0.229335062321	-0.173587499288	0.156605387732
sample13	0.113285993161	0.0708043384208	0.18898785187
sample12	-0.339590134582	-0.0589770099349	-0.0221719360716
sample14	0.179606616946	-0.352058617715	0.0538622468956
sample5	0.227810779226	0.0270217297031	-0.124030177434
sample4	-0.0584540291814	0.111904037159	-0.121130744331
sample7	0.14201222971	-0.216261988265	-0.0430973074739
sample6	-0.140989316694	0.113838655042	0.231503484433
sample1	-0.224759771268	0.0363836701205	-0.231408537408
sample3	0.184845558679	0.18488107432	0.118235462458
sample2	0.0648482152432	0.261146617595	-0.00678218639469
sample9	0.0807189210799	-0.00509500715825	-0.200573544277

Biplot	0	0

Site constraints	0	0
