Eigvals	3
177.964780743	141.205275941	92.1489991643

Proportion explained	3
0.223006652802	0.18103724613	0.12583766304

Species	0	0

Site	12	3
sample11	-0.151194966619	0.0398837709999	0.0934282909172
sample13	-0.0656639465342	-0.0457726850644	0.0778816346397
sample12	-0.0929708588497	-0.0993959679779	-0.010991531626
sample14	0.18976792581	-0.22861146633	0.094977476128
sample5	0.164768915049	0.0859413375069	-0.068618797905
sample4	0.0130642434973	0.169166234437	-0.0120715530488
sample7	-0.00461168591596	-0.0736060844548	-0.10350120737
sample6	0.00275022468874	0.0207744468716	-0.110869307261
sample1	-0.0323475060105	0.0279651654537	0.0639544639623
sample3	-0.0130655562142	0.0826786876168	0.00558765215412
sample2	0.0731765268331	0.121093424597	0.0762644441511
sample9	-0.0836733157346	-0.100116863656	-0.106041564741

Biplot	0	0

Site constraints	0	0
