Eigvals	3
77.6975276649	70.4700345832	37.5844174544

Proportion explained	3
0.204019447927	0.184037349564	0.123549422591

Species	0	0

Site	12	3
sample11	0.0765336033236	-0.101813597511	0.288575329648
sample10	-0.115228868748	0.232630321777	0.101463896316
sample13	-0.143175927798	-0.109779603847	-0.0017839903892
sample12	-0.281988082625	0.00718228512515	0.0186328235602
sample14	-0.221215193848	-0.131408604902	-0.105280244791
sample16	0.0269492557561	-0.299768640867	-0.0753076673269
sample5	0.244189918383	0.0952466939887	-0.268215280362
sample7	0.138362261003	-0.213320661055	0.0691458190048
sample6	0.209981622944	0.16515071044	-0.00562526085078
sample1	0.00947518854787	0.0531180933344	-0.265360316387
sample3	-0.169608502861	0.246251481705	0.0557835839969
sample2	0.225724725922	0.056511521812	0.18797130758

Biplot	0	0

Site constraints	0	0
