Eigvals	3
77.6975276649	70.4700345832	37.5844174544

Proportion explained	3
0.204019447927	0.184037349564	0.123549422591

Species	0	0

Site	12	3
sample11	0.0571169401513	-0.0242814922399	0.0115331317007
sample10	0.0565309911964	-0.00717179425764	0.024088028651
sample13	-0.144266704068	-0.000662914424214	0.0291699079534
sample12	-0.146717769908	0.0180645770422	0.0641998035326
sample14	0.00658597133659	-0.126563991732	-0.0246292630439
sample16	-0.0286485800078	-0.122105161283	-0.0989956502987
sample5	-0.0388242439758	0.064720694956	0.0186433918358
sample7	0.0584875936501	-0.0636253392219	0.117310369997
sample6	0.0394300972867	-0.0447992812164	0.11923950872
sample1	0.116819451438	0.0743459011238	-0.0748359943901
sample3	-0.0788483181104	0.14319393103	-0.0948108906144
sample2	0.102334571012	0.088884870223	-0.090912344044

Biplot	0	0

Site constraints	0	0
