Eigvals	3
215.34021089	145.783900628	105.15200785

Proportion explained	3
0.204952473754	0.158810029925	0.119438893864

Species	0	0

Site	15	3
sample10	-0.153041540512	-0.134422028342	-0.138657732894
sample12	-0.280688763094	0.148999310106	-0.0796437355532
sample15	0.114463505785	0.169100645969	0.02256715082
sample14	-0.0978293979205	-0.311364776232	0.14130647658
sample17	0.209783719502	-0.0112688366137	0.0306046426781
sample16	0.026400101349	-0.136772437478	-0.227874837057
sample5	0.104287393319	-0.140122773791	-0.0083358927555
sample4	-0.0426407708326	0.149829483835	0.169696757489
sample7	0.0573080727624	-0.195127327525	0.0509332445268
sample6	0.0154507486752	0.195548054432	-0.0587733957423
sample1	-0.174970695003	0.122132645103	-0.167645454827
sample3	0.225852474557	0.0644844732845	0.149071893328
sample2	0.151175801555	0.154172468659	-0.0270845207192
sample9	0.103407689946	-0.0811355630482	-0.133301621764
sample8	-0.25895834009	0.00594666164315	0.277137025891

Biplot	0	0

Site constraints	0	0
