Eigvals	3
207.298016054	85.4829790249	62.324389354

Proportion explained	3
0.296346856598	0.151551720633	0.121218876948

Species	0	0

Site	16	3
sample11	0.0284706339312	-0.0048490812497	-0.0303415070157
sample10	-0.0424379156019	-0.042474103825	0.114532867422
sample13	0.0213566518588	-0.0526697138362	0.0465054894408
sample12	0.0123403978791	0.0252805930977	0.0321537017207
sample15	0.00182570119422	-0.0543642131707	-0.0586029537609
sample14	-0.0255400763305	0.0605319328374	0.0389788430172
sample16	0.050277352807	0.0280598780603	-0.0180686748467
sample5	0.00229019172535	0.0674655713773	0.00508932875872
sample4	-0.105676167005	-0.00479847122766	-0.0251801781777
sample7	-0.00393047010133	0.0229151145472	0.0167809583562
sample6	0.0801771598934	-0.0292931044799	0.00954944119888
sample1	-0.0648987233033	-0.00795951560092	-0.052859378236
sample3	-0.00877927384534	0.0547878990086	0.0392323905281
sample2	-0.06505345386	0.0337923079012	0.0536217633861
sample9	0.105377783569	-0.0742590839555	-0.119992402079
sample8	0.014200207189	-0.0221660094842	-0.0513996897126

Biplot	0	0

Site constraints	0	0
