Eigvals	3
207.298016054	85.4829790249	62.324389354

Proportion explained	3
0.296346856598	0.151551720633	0.121218876948

Species	0	0

Site	16	3
sample11	0.0341447703481	-0.0857467838608	-0.242776855804
sample10	-0.0330052277396	-0.042665044806	0.0248427636889
sample13	0.224715275053	-0.150435514494	0.125063750592
sample12	0.0763923972934	-0.110851145473	0.249244065515
sample15	0.133542063297	-0.0299869110879	0.0146391299453
sample14	0.26226007243	0.339831833483	0.055397446279
sample16	0.24444791566	0.0447792260418	0.01342312321
sample5	-0.102725516492	0.113732029647	0.141186674513
sample4	-0.174420836102	-0.00829071485137	0.00700775457509
sample7	-0.192496341983	0.30217462905	-0.126957478401
sample6	-0.109874974592	-0.0654904785168	0.0266843881418
sample1	-0.146848008081	-0.10545094192	-0.0684015441466
sample3	-0.163773755575	-0.0466372561488	0.0104155074405
sample2	-0.160893764993	-0.0484982212842	0.011766099332
sample9	-0.135629239739	-0.0105439366441	0.0290994519001
sample8	0.244165171215	-0.0959207691348	-0.270634276781

Biplot	0	0

Site constraints	0	0
