Eigvals	3
197.92669141	162.612806467	80.8489532999

Proportion explained	3
0.22189850117	0.181373187193	0.116614535183

Species	0	0

Site	13	3
sample11	0.050260142063	-0.104088742477	0.0912634541709
sample10	0.26281521607	0.0705824736139	-0.0135745407634
sample13	0.0662382956324	-0.0389505291104	0.0856512129848
sample12	0.0799000487344	0.0563473487481	0.116181442888
sample5	-0.0679623154505	-0.00457413357081	0.0141228549807
sample4	-0.0757904615604	-0.0549565059694	-0.00084593996793
sample7	-0.0393750126797	0.0612933027416	-0.0335182292122
sample6	-0.0958893688088	0.0184472280846	0.0131489856696
sample1	-0.110731307821	0.0614256024657	-0.0543972109366
sample3	0.0246633676204	-0.18832034424	-0.262873472085
sample2	-0.0777774307776	0.100609033899	-0.0417917038136
sample9	-0.0184913621397	-0.0101400991362	0.0935359742002
sample8	0.00214018911738	0.0323253649499	-0.00690282811557

Biplot	0	0

Site constraints	0	0
