Eigvals	3
197.92669141	162.612806467	80.8489532999

Proportion explained	3
0.22189850117	0.181373187193	0.116614535183

Species	0	0

Site	13	3
sample11	0.105471761286	0.00684847115995	-0.0778831702888
sample10	0.201175564777	-0.00508268020908	0.0695726372938
sample13	-0.0659135291734	0.0490932720634	0.0649836001123
sample12	0.151346326203	0.00108553816204	0.0293303586868
sample5	-0.199060586306	0.159164673718	-0.214670569881
sample4	-0.252159341574	-0.185166449625	0.232751743323
sample7	0.235128928437	-0.104016749172	-0.0649395051864
sample6	-0.19999981447	-0.3101408687	0.0658402821405
sample1	-0.16693090086	0.160898380511	-0.140209151838
sample3	0.0782640060594	-0.220281222372	-0.308116662708
sample2	-0.190095135669	0.210954271543	0.0383018631836
sample9	0.162599470918	0.0812583293179	0.164523838948
sample8	0.140173250372	0.155385033603	0.140514736215

Biplot	0	0

Site constraints	0	0
